930 461 -540 -353 -860 694 -739 905 621 14 -21 184 -199 908 -916 -438 270 -394 895 23 -486 946 704 994 -356 462 -964 501 -513 952 -944 -257 527 -18 -384 -550 -482 339 -776 143 -450 108 416 79 -353 -109 487 -471 773 781 
-597 -567 96 197 -298 -723 196 -804 263 -863 -113 -598 947 -795 -355 314 -96 373 230 497 -363 642 601 305 -213 -628 -748 93 630 43 -861 588 -760 115 270 -951 -225 291 -71 49 -195 299 -971 597 916 -529 599 -109 714 770 
-715 992 -946 -363 805 548 464 -707 51 784 -269 -116 -316 43 999 -736 175 -889 570 267 225 -350 230 408 -220 -336 92 518 -432 191 1000 -494 455 584 -199 -212 -810 957 719 -222 -740 560 807 -871 -771 -266 -512 941 783 -131 
-274 948 169 -447 424 -420 -221 451 -701 671 -743 -540 -453 -56 -130 -547 -421 500 -664 -432 482 -707 -511 399 176 -900 212 -602 -358 -342 -454 138 -366 285 320 -698 357 790 -53 -54 -906 -204 68 -526 430 -415 -225 -419 584 -594 
-486 552 409 74 257 -164 962 -812 -891 -134 958 -900 27 811 -328 -116 623 -178 -978 -932 721 306 764 1000 178 893 528 273 -645 745 -399 114 -806 -536 483 76 -308 -617 822 -523 188 -251 372 552 -946 -789 953 794 -442 -803 
622 989 382 241 -899 -464 745 -610 -173 446 -443 -460 205 39 61 792 619 850 -278 -534 15 -153 35 947 551 536 -473 588 741 -874 916 -230 577 -698 -303 187 654 -987 291 -513 953 197 -50 155 -24 -422 850 901 -690 -177 
928 -782 240 -694 22 526 425 -381 622 -331 769 662 28 607 -421 874 -181 960 502 -537 -935 197 672 -168 -629 540 -606 885 752 419 -904 -518 772 959 -579 585 119 793 553 200 439 -82 591 -66 -363 -985 644 -221 294 541 
796 -980 241 -78 -796 -91 729 -630 -323 365 -278 -143 -874 -767 -70 -663 95 394 604 -219 -879 425 -199 -675 912 -61 528 -786 -793 767 768 -203 -170 355 -607 401 -84 -450 -213 856 -784 66 -985 -662 254 653 995 -767 -987 383 
786 -856 -231 -304 -399 -503 148 985 58 946 54 520 -637 -166 823 320 -205 493 -296 -707 10 -157 -934 -732 569 -452 -205 -991 -52 123 -449 331 564 -429 688 642 -557 386 -20 115 135 -358 -988 894 -757 225 507 -405 931 550 
-21 7 -877 -658 758 -925 -804 661 172 -207 455 -534 -219 269 428 405 -438 348 184 -766 -216 -779 503 -236 901 -327 473 127 979 810 388 713 898 -922 -660 -942 -575 -413 720 636 734 761 927 848 -178 71 370 88 -619 -49 
-608 -375 330 943 556 374 843 632 -193 -702 -419 77 -472 -710 -929 -840 240 -488 -449 244 -926 -553 -706 812 -675 -791 -555 876 835 -69 458 -103 953 -990 -968 868 645 -149 -30 -254 -190 -378 -109 -75 344 -563 979 -377 -927 -503 
-292 -882 -719 881 -905 881 392 -735 -408 -797 588 -921 -993 83 -976 -289 79 -896 -433 558 -883 373 -398 724 467 508 -589 572 -675 -464 877 253 431 656 929 -976 -327 52 477 242 -288 -731 -262 918 929 230 78 -815 -97 -936 
337 -393 -933 823 95 -458 -402 499 -349 55 -165 -558 -721 280 31 -698 0 443 477 -705 -795 -330 419 392 -932 -492 918 813 670 -811 953 205 345 -294 -342 538 600 292 -572 589 -570 465 -67 -555 411 908 -365 -155 -85 438 
-51 413 -166 -219 698 -866 603 375 -689 823 -703 -945 -205 -669 149 133 842 431 335 -239 605 -469 -880 -44 -296 597 295 -172 590 271 -546 627 769 -672 -977 -324 437 -509 -15 703 -22 -418 -227 54 744 136 28 743 -710 -867 
-616 279 -35 493 90 380 -248 -740 43 -874 -310 -616 140 432 22 -567 -213 -573 214 -645 -884 -471 -651 -3 833 -278 -746 903 620 73 666 168 713 -398 37 33 -854 656 -687 -620 -344 -865 373 -608 891 -297 -161 -787 -177 751 
71 -418 650 -812 -728 -23 -767 -120 -389 331 -277 58 987 -981 363 242 -158 733 735 249 -49 -712 -329 -39 -865 277 239 8 212 -831 -689 -435 45 -332 -739 162 -383 920 598 216 51 837 912 -582 211 515 -63 627 -27 -115 
-970 245 338 908 -428 -253 285 258 869 420 451 -596 989 134 -734 143 275 -241 -860 -947 587 -463 9 -822 661 311 960 40 -409 -576 -492 -552 822 -795 -897 467 -868 942 383 -910 915 -87 208 901 199 118 -201 754 9 -867 
-165 238 146 652 -683 -440 709 -936 -75 -735 -557 -962 396 -703 293 347 -501 970 36 -969 73 756 912 148 355 454 -371 -131 -538 840 762 -780 544 -712 560 -714 192 620 782 -783 -32 806 447 288 986 -970 -30 -151 -507 413 
-447 -696 360 606 869 -922 202 841 -50 -709 -620 289 -591 -202 -523 -57 -267 -627 -37 292 931 285 -355 528 299 32 849 -133 -260 -692 -443 735 20 18 -681 -91 993 583 -821 -974 197 -80 -561 405 955 -706 -540 151 951 870 
343 -261 777 -257 312 814 -561 662 194 -132 -575 596 118 20 -188 -512 -184 -80 533 -666 775 -376 -906 -222 -453 -673 -377 230 -110 155 -333 -43 -404 226 -468 -485 -685 -832 690 -818 603 -925 973 -518 571 463 337 -651 740 299 
586 748 426 549 437 981 855 -102 864 -19 538 723 721 621 790 -762 -526 112 665 -661 242 -808 -636 99 911 -251 -144 -797 495 -583 84 612 -233 -148 738 -529 -976 358 -108 89 -869 -686 -101 -888 -165 -249 -837 -600 51 -398 
-252 -306 519 882 124 -4 528 500 188 -746 235 -313 97 657 -994 173 -152 134 469 308 -822 -301 -95 -515 -54 -953 -595 670 -506 354 623 454 -359 218 757 960 464 159 -120 -613 641 581 -401 450 -768 306 -249 386 282 710 
-331 368 -510 823 -540 691 898 -146 865 -962 76 -531 -587 242 -288 871 693 362 261 273 -596 149 -156 268 33 927 -112 -194 898 -936 524 619 -206 231 -300 -11 176 424 811 874 795 -921 365 9 67 189 -343 -589 707 976 
59 -317 -826 137 899 -987 644 440 545 -164 325 421 156 -279 -550 502 -166 -638 270 526 -665 407 56 772 29 -902 -140 -667 -773 761 -187 -684 308 375 -716 -920 -624 -246 -346 239 447 -383 -586 130 158 818 46 456 -844 731 
-496 718 -750 713 747 -859 538 913 537 896 -990 -382 -166 650 -126 289 -819 866 -116 779 440 874 -583 607 366 -760 -693 -943 562 334 555 834 480 -875 675 -994 -658 632 -949 751 32 -922 -9 -537 422 977 966 -625 135 115 
663 -565 879 63 -40 -432 686 981 268 378 -692 307 342 720 136 -492 32 263 828 291 -914 -326 -171 261 -180 417 -806 -299 -673 -125 -628 573 -692 -238 -415 123 662 -802 -358 -444 -84 252 -995 -225 -198 -719 -492 -743 161 126 
-715 -25 -875 995 413 916 -390 -640 592 -391 933 -442 -63 -613 -760 657 850 944 -328 720 243 817 514 812 455 249 613 544 620 -388 66 741 -164 986 62 -329 -801 -12 934 -750 -247 721 708 422 160 -250 -267 996 650 -873 
497 -754 571 393 -327 -182 -181 23 831 839 709 -845 461 147 379 429 -991 -613 -193 -916 531 -748 -437 877 -407 202 -794 -727 -770 508 995 -514 751 -716 590 742 878 -512 -173 6 220 -91 398 -260 994 286 402 603 763 625 
622 -519 752 524 -363 -325 176 513 979 803 -790 819 631 198 357 -167 45 -875 -396 633 180 493 41 -465 41 330 818 275 299 563 -585 91 835 -642 849 62 52 -283 229 39 -36 -226 -889 344 804 868 982 -120 778 -178 
-378 135 -77 754 880 492 -437 -433 333 -892 492 -554 480 -522 234 47 257 899 522 109 580 919 999 7 708 259 897 205 347 782 -625 -304 -106 -252 242 237 686 -31 -171 319 -506 -175 970 -846 601 -720 195 -522 -88 -33 
-348 -150 412 -453 -608 36 678 315 -67 -172 -89 214 868 267 942 -491 345 350 589 748 -573 354 669 -145 -271 -679 -168 286 -819 699 -671 -496 -143 967 -931 -902 655 39 805 607 -876 -16 -350 -203 -795 -747 -204 -176 -619 -58 
-36 -843 -302 81 -506 201 503 750 229 469 -625 125 -364 -814 -953 648 708 -222 854 833 -17 474 -596 -798 897 974 546 -329 -270 561 658 698 301 247 -550 169 29 646 712 347 -814 -501 405 443 461 -835 31 296 -832 -612 
680 -206 758 53 -719 45 963 942 264 -843 467 -648 695 335 -362 -547 747 -620 -60 771 -103 71 644 -409 666 428 -735 61 -813 885 -122 984 -408 302 205 726 -302 131 -328 -468 279 181 504 -639 -610 -10 -940 414 330 -293 
-804 256 712 -216 -297 -797 -270 -557 320 -124 -89 -669 471 134 -391 -383 980 699 961 -139 597 -419 32 -253 668 53 -664 -118 434 -310 501 -746 48 293 -773 -634 -589 95 -392 590 -374 -331 -506 454 -951 -764 2 933 -777 657 
-940 -447 411 342 -772 -344 807 988 -817 -115 -598 -210 -472 -36 12 123 -968 -695 729 226 -432 124 680 678 -123 -397 -895 574 386 -621 -347 531 -599 11 -783 962 -923 207 422 -428 -302 -400 -431 661 -69 714 -484 764 497 877 
-729 360 -416 285 245 -593 99 -145 -283 894 -581 771 318 -813 -531 -178 648 563 -301 276 562 387 101 235 -874 -833 -958 420 -75 457 -693 590 787 -301 -472 469 -111 177 669 863 175 366 265 943 -571 -871 -28 -156 -844 -743 
-895 -250 -105 392 388 -139 -211 610 233 442 11 -719 -230 -804 -495 -292 -599 884 -741 -147 -643 338 -877 592 -201 137 999 705 105 -309 -961 -698 563 -740 812 261 394 715 917 -358 23 -262 -249 -63 -230 -29 -524 440 643 -612 
-271 -944 -897 -354 -611 -773 9 -4 549 377 -262 657 -624 625 -559 -731 395 291 -328 -947 714 397 -161 431 -6 -272 410 -91 609 -263 -60 -617 -402 -626 598 79 -48 -170 151 582 -836 705 857 675 903 828 -970 64 -703 -866 
-91 -273 506 -654 -641 72 -716 477 -656 62 -360 220 -147 433 -95 360 824 -751 -511 -307 -715 -426 -70 -920 -389 615 -676 221 -264 -203 -924 547 90 -657 -590 -832 -225 -712 481 769 -217 -922 -145 589 589 -176 477 -468 -488 210 
974 464 994 315 620 261 723 -303 -826 690 -351 465 767 -947 -634 695 159 -627 -662 -347 -496 739 -937 950 964 118 -170 -110 -68 653 710 -630 564 852 70 162 -599 676 762 734 567 -709 -21 105 418 -311 536 -746 560 -838 
370 -491 -343 426 751 468 759 -413 999 58 126 -370 -88 -826 218 387 -785 -141 -601 216 -308 722 -62 56 -926 905 758 -603 -216 -853 577 -582 -237 -346 945 652 923 -617 -133 -490 -730 127 354 253 -642 -625 -34 -26 -570 164 
797 635 -280 509 -191 -250 706 172 374 -349 -326 -331 -24 -678 452 -168 941 -474 800 105 -69 924 483 -919 267 -497 -775 577 -532 -75 -345 916 592 -634 -762 -542 467 381 203 883 -772 -139 -579 -229 -479 852 -564 63 843 696 
-531 643 592 -696 -648 -947 544 557 -287 54 227 39 -659 679 659 -611 -2 615 -284 92 501 -716 -287 -676 579 -8 -213 -59 559 -465 991 -170 43 644 403 -376 299 65 -388 -396 846 -777 743 338 -29 429 -25 543 -129 65 
-862 996 996 292 -502 639 767 -24 -625 -415 431 -144 -80 -329 172 -335 -664 617 -921 -462 999 -102 -415 -898 437 451 -778 -494 884 847 384 941 -159 -665 459 -479 652 697 800 -422 259 -579 627 377 311 -385 1 -539 -711 -582 
726 184 -264 526 987 -669 542 340 521 491 561 -85 -414 -201 -575 689 447 775 -286 425 -95 115 -700 76 329 424 318 -700 619 700 -624 119 972 -86 703 -926 -848 -785 -961 -323 -631 -266 -32 -704 754 -228 -561 -911 558 788 
-847 -613 -364 971 -588 897 -956 635 -257 -320 617 362 954 75 384 -477 -735 595 173 329 1000 -962 -552 604 771 -988 949 -246 421 -192 -628 -326 -882 986 918 -757 -806 -521 159 -251 -67 -801 331 145 -802 -123 -589 -784 846 -193 
756 531 -81 -640 119 -270 288 -186 315 370 740 783 257 317 -531 852 -965 216 330 823 232 318 852 -393 -441 -398 -835 -139 585 414 -362 1 -249 -663 970 -546 602 -646 -557 298 210 -574 -764 37 927 865 -912 -982 -481 826 
755 650 -656 318 907 78 -622 812 -371 822 975 848 791 -319 236 52 37 -64 842 386 -548 425 -424 725 -174 -812 -27 -201 681 348 571 -208 345 -764 132 295 -886 -318 209 -138 -521 -264 402 -881 -199 -905 -120 129 203 -621 
-417 -84 -356 -176 151 -36 428 -752 -249 -330 -467 -114 558 -698 -346 -232 -327 715 -392 744 494 -161 941 -950 -208 335 481 -104 -273 -272 101 -933 70 980 -883 -695 -410 268 -676 261 734 -610 -270 480 -907 -299 -919 -34 -980 -702 
-549 -988 806 -212 -78 229 275 154 -747 -187 749 -654 -907 -299 335 -363 602 -465 306 534 -838 -923 794 31 149 -564 -863 -941 365 863 706 826 -74 458 922 -809 -906 -309 740 -673 936 364 -492 -529 -20 -294 -564 -717 -721 845 
