907 -423 -5 462 -738 -999 -953 -579 487 253 -955 509 52 228 -519 811 451 246 -944 -343 -615 -265 -415 -789 991 -57 -665 -334 -800 723 933 -216 -558 -418 -486 147 407 269 -873 691 -97 -943 -102 -193 -848 986 124 -916 -883 675 
279 301 71 279 -893 -433 -562 513 -25 -24 489 389 -302 -405 182 274 526 -455 -449 -983 15 -305 -442 -634 178 894 -845 -205 -26 328 -961 -400 -878 -680 758 -950 79 -808 -145 -213 229 137 403 -10 -68 482 283 -35 -608 -801 
610 811 -594 731 -478 -353 -508 484 -438 -893 394 -356 440 707 -568 -833 -453 -51 185 -330 -140 -989 989 -638 116 -875 680 -120 -279 -266 -295 -621 609 -67 -568 -221 499 -294 -571 -740 299 -630 405 697 536 898 -848 730 157 -375 
-427 829 546 880 -106 -141 116 715 136 434 381 967 201 -162 -321 -823 727 642 -983 -412 732 -761 308 -798 17 397 894 332 254 -790 436 -580 922 -360 497 -623 976 983 -506 656 788 386 -543 429 371 -169 -693 -192 131 977 
-991 902 -225 498 -890 617 -910 -509 844 -823 -987 -530 -853 -367 -430 402 -810 803 847 -907 883 -845 951 174 -383 977 325 -788 830 -560 90 704 -869 22 -903 404 -194 71 698 -616 -444 209 -766 449 -839 -934 499 -401 998 30 
-159 388 -555 -471 986 450 556 893 -980 794 922 -287 781 -347 -803 -219 259 142 384 794 937 -668 767 516 -875 494 873 -663 888 -370 400 634 -141 -638 511 -708 67 421 334 438 88 848 -861 908 -882 -161 578 929 -341 592 
-130 347 777 -14 267 -121 948 -496 -754 362 -257 -62 -584 731 -564 642 705 -645 770 -215 939 -852 -292 39 335 71 -641 -295 86 -547 -121 811 -510 -106 -165 -673 455 240 -200 653 507 -425 794 185 -533 359 552 231 343 -981 
611 -840 -767 169 -169 -728 -162 101 -862 59 228 966 -222 -980 852 -504 -784 128 -564 -604 -491 -218 606 -813 115 -425 -259 -251 -524 429 -653 -896 -541 778 666 -666 -36 103 -372 656 32 837 -184 581 -469 924 -692 872 386 -214 
71 944 -991 100 -368 248 193 589 -422 688 -484 332 362 646 719 -940 496 238 -207 601 -71 -366 749 -670 797 -111 -45 -145 -864 866 -515 -38 -465 -15 -772 -440 -328 -583 -527 -391 -897 96 700 -100 -227 -805 813 182 37 693 
-143 269 -872 -625 570 862 705 -966 742 -11 -342 229 720 449 -100 -635 504 687 -985 720 560 405 883 -643 826 -868 326 -178 -939 965 -178 -598 751 443 483 918 -647 -55 -880 -386 413 306 490 800 675 12 950 442 963 816 
956 -361 387 149 -855 118 -727 -454 232 253 180 845 900 -339 -930 302 -897 -409 730 491 102 278 -337 291 -569 -275 435 -606 -465 181 425 -133 261 796 514 -904 574 932 192 181 -833 904 -883 -437 418 862 836 -181 -44 -539 
316 177 -688 509 621 983 -575 -504 -824 651 -546 490 256 95 221 692 731 -756 865 153 408 -911 59 559 -759 332 473 -496 522 185 340 246 -530 359 54 550 -753 114 -756 747 -271 -773 -733 -584 -403 392 -809 -237 -478 -117 
-734 508 -683 -898 33 -508 -784 584 -244 -688 583 -864 220 -589 439 354 552 683 -183 174 239 -795 416 -863 -926 995 753 -638 343 643 -946 83 -708 -659 527 148 989 -910 -380 489 -182 976 -110 333 979 -168 516 -62 538 579 
-343 613 472 -569 565 -204 61 -737 690 990 4 385 178 -827 -352 961 610 -869 -20 -728 -951 -460 -620 314 -894 403 854 536 865 -433 419 -765 383 179 -90 487 775 -702 -256 389 -4 661 -82 161 845 384 -478 -120 -710 856 
493 391 -204 -311 724 -537 -59 -448 -31 -344 203 -652 -255 -477 793 467 308 -911 307 268 -220 -209 506 -292 905 -135 692 958 862 -594 906 170 4 -846 -90 538 59 -50 -959 803 478 814 735 190 443 -867 943 89 -88 362 
56 210 -211 544 449 479 -485 -988 133 722 -495 887 222 -144 -840 398 318 478 -390 786 65 -678 379 -46 371 276 557 -360 -493 622 -657 -901 -35 -917 591 520 -913 280 845 -718 642 972 232 -59 -154 375 259 -790 337 771 
478 -4 244 -213 -695 -993 436 724 -849 -41 -229 -760 -986 -287 -235 -876 -1000 426 384 -125 590 -22 456 43 -746 456 -838 422 878 119 261 -400 156 -639 -165 927 576 353 243 -114 578 146 -231 -380 482 -478 -762 -821 356 -332 
607 -920 -877 512 -363 271 -805 125 450 222 -739 -521 9 -732 497 -554 -616 172 -422 -812 664 737 -102 -360 138 -425 353 802 631 559 476 -642 742 -247 139 220 -165 -131 555 -652 524 416 882 447 479 1000 97 -882 137 -351 
125 -704 -357 -322 -138 389 967 -360 -617 -818 -742 15 -779 -765 244 -843 -827 -246 -474 801 506 119 152 -759 -225 190 -198 303 -734 733 44 -670 -844 773 -803 -600 -815 299 829 115 20 -898 -19 -560 194 909 -228 796 713 -654 
324 163 -118 -137 -725 -838 112 -165 302 -44 167 -301 -413 152 19 956 -451 -823 956 -239 -420 223 419 -458 486 -781 470 -144 796 -950 434 -670 456 -183 887 -654 600 -108 410 716 -217 -959 -930 -683 550 -439 376 452 438 -537 
-655 -36 857 -495 -528 519 647 -960 -916 407 -122 -363 226 518 490 -59 213 20 -590 191 -739 404 548 636 598 -711 -71 33 166 639 770 332 -441 -924 213 932 379 40 -562 -104 78 116 329 487 473 -503 923 845 502 49 
603 737 575 919 -127 -858 663 -716 857 174 -255 -653 -696 369 399 -338 -56 414 -946 -52 -860 244 735 -107 -521 207 815 -782 -788 36 915 -292 -923 -489 -946 -991 544 -642 -547 771 -285 588 -746 -810 -118 391 301 -79 -963 552 
-874 -212 -283 -462 616 498 601 -674 568 -371 222 265 248 392 -460 -38 454 -606 -965 -86 621 159 938 568 -656 779 776 677 -482 -487 -867 -831 -749 110 799 248 660 -393 378 923 765 -431 495 504 -268 591 776 370 -498 995 
74 -23 -634 210 378 355 -394 222 499 192 624 800 998 533 570 -868 394 225 424 73 349 -571 56 -307 -739 997 428 -663 27 -13 -663 650 70 913 353 -955 -894 -755 -414 921 169 666 -121 -744 -481 -320 -36 68 -426 -163 
177 12 -186 -441 720 -532 71 -834 -172 318 -973 59 564 717 -302 -23 -28 597 -239 -843 -96 796 -96 -687 446 534 530 67 55 196 -764 362 -937 -407 33 -839 726 -701 377 -810 -616 -988 -132 401 809 101 942 69 81 225 
-123 -771 -617 -845 -902 700 -626 -212 408 734 -706 -812 -280 892 -556 -438 400 -971 934 -995 171 345 302 349 -391 423 -49 415 153 -871 -762 798 246 546 828 -540 594 108 771 -602 917 778 547 -913 -91 -558 128 -927 648 930 
-539 361 292 494 185 891 -330 -630 -46 -687 276 355 -187 842 711 699 913 -529 -462 -723 -110 774 773 762 -304 -809 -537 -230 591 -174 -499 -421 -501 -126 -142 -205 801 -527 -335 876 578 221 224 -698 457 815 -99 -992 782 -353 
-954 -847 637 -378 127 -448 -933 641 -931 -636 -338 -257 141 -570 359 -789 -786 -367 -192 85 -872 420 812 788 37 -499 -298 171 888 981 -629 -486 583 941 -158 -936 280 -391 313 -471 834 46 -425 81 -456 122 -153 -598 502 -130 
-856 -778 -139 302 -924 957 -649 -326 -958 553 -756 844 229 173 -438 615 -866 297 553 703 -667 433 31 493 -829 197 -235 -939 824 -230 709 958 716 465 267 602 791 98 -638 -93 548 732 -374 459 538 724 -518 453 859 -137 
-997 302 -887 608 -45 82 -851 -414 210 -507 904 679 -108 -93 334 -72 195 -960 -648 -796 982 -412 627 669 376 -154 -185 -20 442 872 -988 575 123 283 -543 725 -900 -457 55 -201 -739 340 -544 -618 -576 -541 -353 -585 419 -458 
405 -109 -323 -441 725 989 137 -137 599 -34 84 889 -605 768 218 -115 -19 -578 -317 -745 393 5 -375 610 -387 -668 -208 486 -439 728 453 284 -370 804 -391 -564 -463 869 712 -733 -668 -441 -102 636 -776 55 646 -254 767 532 
-782 906 351 323 573 226 -717 665 826 -786 896 -395 -405 -423 213 -16 387 -605 150 883 461 -623 -568 -552 -813 -606 909 -899 -296 200 -617 976 -910 -592 606 -817 924 -643 -909 178 587 373 -124 766 -469 -165 -21 348 -748 -911 
481 257 899 -30 972 739 -705 -428 -654 -341 -553 -519 -914 505 766 188 776 -250 -76 -83 200 -194 600 -736 926 -992 -879 -69 198 -505 940 -214 -891 -787 -789 232 -747 -584 -40 536 -763 530 -490 -982 -636 -612 260 -484 -775 -252 
517 -103 975 -838 696 908 772 742 -591 115 -454 -8 -125 945 221 68 -983 -740 -361 -890 -246 -695 163 -972 585 828 440 710 -796 74 -105 854 -341 -822 -214 692 739 422 -429 235 -339 -307 679 -660 -804 -791 234 245 -309 733 
583 877 547 987 -604 -936 -738 613 -974 -237 755 698 -200 -576 -611 -1000 -138 -320 575 473 480 -647 876 616 -720 568 -345 -419 -489 831 -806 -203 -207 313 968 -994 393 -529 -765 -982 229 59 402 -555 460 733 940 166 -48 787 
-460 306 486 52 -843 233 -779 -357 58 642 865 937 -594 287 498 866 -440 201 -540 357 -718 402 -5 -431 -457 301 -652 -861 48 752 -95 -522 236 -469 -648 209 760 -504 478 -705 -24 -653 -62 705 304 -483 -239 544 -958 -886 
528 594 791 637 -305 723 -530 -117 991 624 -411 849 -863 -220 -557 111 256 -887 451 -697 995 -842 607 207 123 690 -207 -184 -259 412 -945 881 25 43 -954 175 984 569 233 273 -305 -676 155 151 387 733 -844 518 -570 452 
-129 563 620 188 414 -919 666 -664 805 133 -871 869 270 36 -365 -945 -24 742 -658 488 -750 536 -431 381 -58 -188 -371 -533 -436 -113 -410 121 246 740 -997 824 -294 -981 747 589 -621 -415 721 477 178 670 -692 129 236 -213 
719 -722 -505 -650 -631 180 529 -790 830 -888 811 -704 -278 -392 885 232 692 -856 -769 -754 373 594 781 833 645 270 476 619 742 285 15 -88 290 325 553 -368 440 593 921 -659 -737 -69 -849 714 748 589 -32 -954 -838 -953 
812 234 306 -6 -327 754 392 218 512 690 702 794 546 398 -309 446 -481 828 58 483 -519 -404 -452 -42 467 536 -988 -754 -718 413 65 331 -268 -146 -821 628 676 637 570 835 -124 -826 228 72 439 -622 -281 902 183 -898 
956 -762 -276 55 -90 -552 -968 -47 -991 454 583 735 -975 -397 -476 366 -203 345 408 -734 -262 -464 -154 811 -285 -265 455 -56 327 400 -99 264 767 -163 662 -577 377 -584 801 -939 650 785 -19 354 -668 797 404 -797 -652 920 
658 -417 4 34 12 -387 450 328 117 -841 -130 -116 -547 684 -862 -870 -918 -74 269 -101 664 859 -249 660 118 132 -464 -973 -539 268 -816 251 -939 -862 -126 -901 -239 -122 585 69 -735 -555 122 -393 545 699 -9 742 214 573 
659 -38 307 664 -175 324 -748 6 -417 390 -297 948 520 298 -171 -602 419 365 220 -123 -267 803 -885 84 -799 -376 50 271 -995 -410 777 -301 873 693 265 285 318 701 683 822 302 908 -569 -621 831 985 -826 -549 630 202 
-346 -341 145 -949 994 69 -322 335 738 312 345 480 -959 -346 -636 -107 -662 902 203 190 -702 -901 431 594 968 -313 96 -64 -638 950 -95 2 709 -324 921 240 285 -771 114 66 583 712 516 -386 189 442 667 423 955 -392 
-73 -679 -876 -295 -766 885 -401 -590 -448 -99 -599 902 -804 -993 348 -551 -724 854 568 620 607 -949 318 384 442 -312 -738 401 113 954 -809 -178 377 -216 126 -624 -885 -949 797 -11 627 334 -740 821 515 477 -599 -962 93 462 
906 -788 -515 321 714 -256 -432 -518 993 273 630 -392 251 -816 876 459 -421 -939 -82 -998 -759 672 -771 538 -200 650 842 -901 564 643 -706 -913 772 773 -466 -310 142 258 -746 542 -82 -851 -576 177 349 290 12 54 462 -871 
-124 -522 -165 103 708 -380 70 837 -658 772 -740 -439 -948 384 -742 83 -500 -123 -604 885 251 998 -358 881 -207 -584 426 -941 -92 913 598 497 776 -462 779 -440 137 -454 126 604 650 706 278 -166 -154 756 598 -172 -823 341 
-292 523 37 -54 186 -430 -707 -330 790 -292 721 533 520 855 -198 -938 435 719 -422 841 -181 -192 114 14 -522 -943 159 -75 -948 -754 -64 426 856 -400 885 -661 -118 -804 -412 433 -794 -7 -792 888 -20 58 94 -212 -868 -952 
611 96 -805 -311 830 387 941 -156 95 -91 476 865 606 -260 147 240 -978 677 -855 864 8 -62 525 -372 115 421 954 316 863 121 310 396 356 7 271 -925 680 -226 312 685 -546 -527 -484 690 868 -598 684 -54 123 -274 
-899 896 -69 -769 323 -150 141 -244 425 -959 336 -401 -951 912 375 -894 -271 -470 273 -981 -827 795 155 -287 994 -597 -832 894 -732 985 -395 14 258 342 511 -694 665 -983 -399 -423 -219 -452 -952 150 -755 309 -83 158 489 73 
