-881 799 316 973 727 -78 -268 147 666 -549 -972 140 943 22 773 808 -928 504 -93 -726 576 799 338 510 720 -76 89 168 423 -659 -269 -284 745 -679 -583 -459 -424 -331 -385 317 787 -125 -512 -786 405 941 -890 195 980 -350 209 17 -314 980 -817 317 282 885 -285 567 955 -874 -433 457 187 621 597 -399 217 445 139 16 -302 395 348 328 -817 160 545 181 805 416 944 -700 932 -714 -367 469 687 -440 865 5 142 414 113 -127 91 -703 134 655 
498 35 -266 695 -859 -187 23 289 119 339 822 540 821 398 799 -816 754 198 -195 -668 388 880 106 -282 939 833 960 -53 -887 -427 -149 244 486 518 -473 -553 -142 693 -202 -659 -938 -357 -430 -562 204 -196 533 -52 526 522 -697 291 -148 46 -772 113 -808 -451 -438 -883 439 388 -973 728 -360 -442 196 796 689 -970 -403 -769 841 -573 933 -625 -290 578 -61 -799 485 64 -368 -251 704 -838 -844 -897 -934 183 727 740 -714 -197 977 959 275 -925 432 -379 
133 -727 827 -476 449 546 678 -27 242 -440 -436 107 77 -712 -801 609 -708 427 -161 991 868 595 -137 -971 -833 573 515 301 -907 -874 318 -469 455 957 -477 315 321 429 680 -263 -675 -733 -495 -249 -987 299 956 -88 -184 -698 -907 -33 -113 -422 810 259 548 -183 -844 -962 910 360 -111 660 905 -71 -323 896 -912 -447 -353 -375 -831 248 613 -351 764 -673 424 -167 -824 -716 -395 267 -680 725 879 -377 374 582 -709 587 -942 59 589 -287 -305 -241 -495 405 
-498 -437 -385 250 741 458 930 -76 -647 848 597 -851 395 -416 283 869 -894 -927 -277 -12 -67 -71 944 -130 35 610 104 590 -660 427 513 228 -446 916 -607 411 68 -873 -49 -678 -213 -841 989 -803 -924 -681 -351 422 -261 875 -64 353 633 -135 162 -410 -54 -105 -961 -344 823 527 808 728 978 -360 -537 865 174 -263 109 394 -194 -404 281 -544 -172 273 -454 -796 -251 -377 675 -717 909 716 807 -184 626 920 615 739 -277 831 -112 742 -591 -925 880 -987 
40 -765 -168 -383 306 -478 483 405 402 -369 -860 888 -549 110 -424 -56 -258 -4 -959 -836 -924 -834 -488 -649 590 360 -104 690 -270 -878 -259 305 125 -226 613 -964 267 -102 -293 80 -2 451 722 -4 312 591 -126 675 628 76 -752 246 -257 927 445 288 -773 -441 -348 -441 -699 -683 -145 -914 257 -396 -554 -397 -489 -787 806 -504 -50 811 397 182 -742 885 -353 696 -671 -959 607 -265 696 314 -837 933 -44 168 -304 -266 -6 -997 -82 733 200 272 -220 843 
586 -87 692 -518 -167 9 265 32 -767 51 942 680 -653 897 -875 -121 -92 -714 -46 -518 723 -237 790 -428 281 -620 -355 241 158 -160 271 -565 -488 -371 314 -176 -266 458 -641 -192 428 -211 -236 -617 -756 -615 -388 -319 760 -150 487 711 821 -753 -988 -610 -32 -503 607 996 -466 478 181 -246 -452 952 -260 -643 -681 299 931 581 613 745 -104 -467 692 -845 575 542 818 -151 325 293 -772 -626 462 -784 -301 -275 472 661 309 -399 918 751 -226 664 663 -428 
561 -841 -183 217 215 -467 906 -531 -953 -839 -152 -50 698 845 243 -536 824 -207 701 -652 759 614 723 -746 86 -459 885 372 548 888 -260 488 -591 -283 85 82 532 -242 39 -422 233 605 -688 629 -688 -491 -853 -984 -789 502 -738 924 237 -900 319 925 -442 634 -599 -703 834 126 -498 -133 -880 -949 -284 206 580 18 -135 709 -601 -794 -19 -61 -879 -787 -48 236 255 564 136 617 934 -830 525 871 93 -788 -338 -121 -845 802 555 -217 -529 -316 -207 -714 
-336 930 -655 -107 866 324 72 -204 94 -724 512 -793 857 -734 -911 849 433 306 28 -301 -428 -191 581 -456 -294 45 -189 376 -808 377 708 298 960 -457 -174 -666 -43 -150 568 -529 440 -436 -715 -619 -237 776 -93 -242 8 -256 -871 522 3 -569 121 -454 146 562 -58 248 -247 805 327 -286 -171 -902 884 186 956 -305 -128 -118 562 -216 138 216 812 -412 16 664 752 918 979 -36 990 -654 214 253 766 -373 -364 862 480 -887 -278 -871 -480 -171 292 -919 
682 -896 -61 -809 928 686 -881 -507 13 899 10 9 57 373 -897 -858 333 -583 -283 753 885 -666 748 -497 -927 485 -766 -668 655 -300 763 -195 145 301 -846 -776 -620 -747 662 -997 -593 -257 282 629 -712 -100 960 453 -306 912 804 -703 857 210 -84 900 646 194 533 985 157 303 819 -450 -938 -829 844 998 -249 -688 407 206 802 692 475 75 933 392 -603 456 -74 64 -15 431 527 -197 -68 695 976 -478 29 -923 194 501 -624 801 -632 -301 903 -168 
132 171 64 -196 -313 -547 375 -78 -716 -215 850 791 -241 -681 -345 -659 466 -833 -471 266 -841 -435 971 241 -995 -729 -773 -772 458 -319 372 696 881 529 -528 -166 -812 324 634 438 -220 278 492 -384 72 725 980 641 -463 -705 23 399 -794 2 -212 -530 879 461 118 -627 -535 50 -2 -753 -842 -271 787 -509 -970 -307 -562 396 -118 680 -946 -792 629 241 920 514 55 334 638 347 673 184 -457 -763 -2 -728 49 -34 -381 -797 -645 114 -189 391 -788 -730 
-491 277 -939 498 115 48 -509 73 -271 713 -672 532 189 313 591 574 -173 -166 566 -234 -791 183 765 55 531 301 292 -842 253 -898 724 206 -168 730 989 935 -541 215 -546 915 -255 -211 717 811 -384 341 30 545 549 -281 -693 -814 510 -223 -840 -887 -788 27 -668 -123 413 -743 199 851 -2 -389 -115 -164 -491 -584 -303 359 -846 -462 -193 344 751 855 -661 -859 438 707 -914 -610 313 383 224 -872 -574 -627 -218 -213 -53 855 944 259 159 -565 -547 -89 
-75 6 788 -679 169 217 -953 881 -229 767 -193 -781 794 -873 -907 -735 -36 63 249 -619 306 245 909 -311 973 287 698 -486 612 420 522 215 -228 239 440 -142 721 -313 -640 -738 -544 -779 -287 216 -543 519 497 314 958 -58 -304 527 -687 546 -689 201 320 -553 -225 -846 -558 -592 -857 -782 255 985 -893 555 361 847 -562 683 75 -491 391 667 -727 -8 -480 152 -452 -335 674 -884 298 -347 -81 -360 -632 -316 -981 237 -469 -483 -90 155 628 -170 494 -442 
-457 909 624 -425 778 -308 -221 320 -599 -904 -38 -461 529 -129 -702 885 -915 2 756 583 920 -162 664 509 225 -22 -524 645 -215 -146 -24 946 -679 -199 -859 113 -339 320 -418 -521 32 -313 951 393 246 536 -33 318 595 -530 -143 -257 -848 -209 858 -527 935 -95 548 -379 -169 65 -198 -682 622 -18 942 650 -873 193 -48 125 285 -198 -599 996 -874 615 -6 -894 -499 736 -264 183 596 -532 -37 -37 -947 413 -182 223 81 335 534 -573 -306 351 745 250 
746 -671 11 -28 -689 633 563 -287 -396 504 656 -362 -884 976 -722 -277 245 -450 683 324 -946 -474 -201 712 134 -191 -53 -335 -538 -419 297 -575 44 -569 752 -288 -104 -445 -525 -53 506 416 253 -794 -343 885 346 228 -471 -481 101 -229 637 819 -304 474 -394 598 93 -417 -417 -716 924 530 -866 -844 -686 -117 -859 -676 -757 -563 -617 863 151 480 917 91 -935 -391 -72 31 -852 -198 -882 653 770 -419 -876 659 733 837 -593 -482 163 -565 -175 745 304 -851 
-259 -618 -345 -464 946 -158 95 -467 -318 264 54 321 -320 -28 -154 -78 917 -628 504 -141 -632 -942 555 512 -932 196 847 215 -873 -356 -745 -413 -450 628 -496 -422 -362 -195 620 296 329 790 235 -661 342 95 -547 -565 -894 245 22 -39 168 -170 -325 657 -774 807 -770 -997 -244 110 581 657 327 862 550 870 -567 156 767 -365 -819 -270 695 -321 -508 172 -765 -174 833 592 9 426 -381 -999 11 -800 92 401 632 -594 77 -241 105 219 85 -529 941 690 
-515 -660 589 555 538 892 -247 -919 -912 -690 769 -569 786 -977 -630 588 -550 -953 -481 -838 -832 486 313 799 961 -652 829 779 -732 -30 42 832 -634 -985 20 -242 392 -242 382 78 615 406 -92 711 -921 -178 -171 472 -280 -838 -132 -322 -512 -908 987 -531 -594 823 776 -351 951 -588 -64 663 503 -956 575 552 -752 -465 331 77 -806 573 867 -999 -200 -746 -782 -126 760 406 749 992 195 6 958 -841 971 -62 -420 -28 -539 -504 -915 -696 -643 997 586 -997 
-85 -736 431 88 -379 -980 -161 -569 420 -512 74 408 757 413 -808 859 240 -973 -228 315 -969 655 -340 -810 -685 616 164 339 -80 -81 593 411 -651 -345 -727 -838 -601 -225 721 -885 -805 -475 744 -768 636 -225 740 447 98 160 -507 -866 599 370 -937 13 -443 -189 -313 547 -629 -480 183 -377 -686 798 858 -253 -184 870 -923 -33 346 -706 -742 218 51 -330 316 679 -916 158 -650 582 -977 -687 409 -487 179 -304 -382 -255 292 339 955 -248 618 -822 951 -247 
-524 70 -516 994 68 71 -616 -224 68 858 135 -428 -755 347 -36 -273 -21 809 403 -798 -380 640 110 82 -441 -486 -708 236 508 -130 -474 543 251 -959 -603 34 -802 644 177 983 813 548 -798 -70 -902 -191 -432 334 86 -860 586 693 -611 -581 619 39 -617 -730 570 -166 -279 573 -354 181 -574 155 -992 351 437 202 -270 197 -702 305 115 -70 438 -431 -298 390 917 517 -175 530 -180 -552 -99 -428 -756 196 -161 125 933 637 -410 -636 -66 -912 238 17 
721 -679 -499 330 -541 921 -862 92 779 -425 857 411 -184 -460 812 -845 -356 -668 -303 -493 414 -224 -168 204 -431 913 -749 453 195 850 937 877 969 -755 872 -576 -386 -824 215 419 523 -811 930 83 612 952 -219 -320 874 -624 18 25 741 937 55 -886 -204 -237 898 361 -484 -888 645 177 430 421 -13 795 778 364 28 498 793 -392 325 989 324 360 236 -151 461 -736 984 -670 29 674 -757 93 419 204 -759 -765 -284 2 574 -643 737 733 389 621 
779 -74 -342 852 607 -162 -897 627 558 -79 -52 -166 858 -613 107 -741 766 -888 -525 -861 117 644 649 312 148 -343 -603 720 -681 838 -777 910 580 696 752 176 351 562 498 301 -355 -376 -358 -430 -125 -289 909 -119 -940 -494 783 -551 -766 434 -209 237 -765 382 252 803 702 202 67 732 333 953 -217 409 -469 -961 539 820 305 -534 591 -40 468 861 -72 -778 -60 43 -232 294 597 -171 851 649 -108 646 443 -169 455 -598 211 69 -710 -887 -525 504 
-901 -345 -693 604 76 21 738 -146 -869 -540 169 -562 -594 73 -275 621 267 -25 943 532 682 -478 -613 -206 893 603 494 745 50 273 997 -952 -81 943 954 -163 -171 992 -419 807 691 -313 963 951 -30 -68 -233 533 -638 813 648 -259 488 621 865 -347 -152 377 -830 -303 -555 -662 59 638 302 916 2 727 496 -505 751 -799 -886 -386 746 625 -387 -962 97 14 977 -194 730 -24 711 687 -165 177 -424 60 1 381 798 351 -265 -360 978 682 -712 -367 
-164 889 -596 162 -181 624 597 -121 234 -58 267 -915 -970 149 -729 862 -519 -650 264 665 909 238 65 -965 -89 663 -840 -843 542 -875 157 354 -61 -665 -948 -399 749 -486 -30 334 591 -820 -896 904 200 -781 -323 741 460 -904 309 -49 -204 -46 790 750 -272 -984 -928 -203 867 577 -369 795 679 365 -256 637 -510 874 -679 -628 -116 -719 528 -953 41 867 -232 -209 353 181 -139 853 993 14 -819 -731 581 921 947 769 5 188 -846 636 78 -407 -169 528 
-629 769 307 -32 -438 282 -504 -834 -183 -258 -54 -609 -931 398 412 656 -188 -190 -802 287 14 -691 -711 404 515 844 -575 640 -178 919 175 -815 -682 -917 968 453 -495 -215 -400 210 10 -536 -923 -868 -664 -617 -603 -123 425 -346 -865 655 -178 -255 -732 -18 -542 -401 681 -438 148 -634 -91 929 41 -110 420 -401 42 -622 -140 878 -146 -224 566 -948 943 964 368 -354 754 -870 320 360 -463 976 -220 -862 419 818 138 -551 376 38 -563 428 783 -547 -298 -649 
-195 -566 -227 94 320 -345 -686 -133 774 514 -14 75 -901 -203 923 151 835 857 -537 811 -920 -260 -775 822 -767 -350 -871 260 -443 -889 -755 -28 -520 726 979 -86 414 -70 -572 -996 913 -718 -776 780 498 -611 -729 32 -978 -981 353 216 573 -988 -300 534 -638 411 710 -805 471 -452 457 76 -863 -212 -984 -4 -78 -259 -739 36 -958 -660 -223 497 560 -295 -784 397 982 -102 980 -271 -961 551 -131 -210 395 519 -240 -171 120 732 444 536 55 -810 748 693 
-706 -58 292 506 -365 -410 -720 -886 836 -301 394 -764 946 135 512 -629 917 163 30 24 -440 147 708 -415 -793 196 -702 -230 873 -61 -866 540 -17 247 -550 -399 925 -81 -138 -958 -487 -175 -21 839 277 370 703 504 548 948 -704 518 -693 -822 -878 -232 345 -875 771 -800 336 732 806 808 641 218 45 711 182 8 -777 -108 301 -554 261 -840 -703 302 745 563 -249 28 108 473 -848 810 -166 -999 -17 -535 -762 -471 -529 -411 452 676 -170 934 43 -783 
122 244 -890 610 632 584 -752 663 146 -193 -535 -80 884 -733 -510 -361 -430 -83 824 -134 675 33 -883 -867 -872 -520 808 787 -448 -318 -668 -194 -702 568 678 401 -612 -385 956 440 531 -329 -767 452 173 255 -101 -74 419 172 248 -948 -695 -375 742 -102 -999 982 963 -5 37 284 -291 486 550 -484 467 -139 -949 -11 -760 -979 422 -97 886 -350 -499 -309 998 -693 -47 317 -386 770 479 -155 84 -226 860 111 -843 -241 197 249 677 -179 186 530 -88 721 
-187 868 361 -244 -774 -258 424 -912 433 367 636 -971 -975 516 -84 307 -135 -65 264 -646 -113 -493 117 -915 -873 749 -230 164 636 -974 446 44 -798 727 -124 567 399 368 926 -389 614 469 449 166 822 627 -945 28 -784 65 300 829 587 -141 756 -935 617 -512 681 -845 -691 914 471 629 -880 357 -124 -176 -700 317 -550 -528 89 -559 -998 471 -675 879 423 -714 -781 73 572 -428 -929 401 -957 -846 257 56 269 -514 178 60 -458 -876 566 -31 -108 589 
-197 526 -593 316 -155 531 -794 -425 -864 244 -284 -974 -131 -329 -709 427 -757 -469 81 461 -423 857 -908 -622 -143 -253 -118 -690 -234 -115 476 619 -767 417 -283 -752 646 663 112 873 -520 8 720 596 135 674 726 598 -314 854 -485 768 -101 100 -708 28 -623 18 109 -566 829 -580 -44 906 -769 919 -193 653 -708 927 992 -61 -793 641 -576 -433 -851 -760 832 -411 -994 -230 -134 94 -703 -157 875 -542 -493 -775 -437 -708 -33 150 -784 -587 -118 -862 -614 94 
261 827 -806 968 -184 681 89 -504 -402 -339 461 316 -13 437 14 791 801 -781 767 -247 460 -179 736 828 -284 984 -474 961 20 -656 -664 -194 -513 364 -922 -876 933 -806 -762 151 -865 501 -469 870 315 487 -815 -3 43 -732 332 -793 205 798 -787 -212 -925 274 -990 -234 -707 73 -660 -71 816 168 387 826 -654 437 -376 -204 -617 -401 713 -102 -506 -283 -257 -79 527 539 -270 163 461 -391 44 -530 914 383 411 500 31 389 -580 -924 -681 -809 540 825 
-436 -247 521 744 577 -796 -141 938 737 -864 -872 -569 45 208 665 412 706 118 217 67 851 540 -965 550 287 249 854 -548 916 293 -901 995 232 614 -914 -334 673 -819 -139 -363 732 327 132 18 275 7 -778 80 777 -84 390 649 -655 -120 -670 431 -754 -663 -366 867 -991 491 171 130 -41 948 825 764 503 -404 -875 -49 -871 -765 724 -441 0 710 -452 350 156 661 -556 988 -648 787 -95 -892 614 558 -495 -253 -451 418 -658 -444 -663 117 260 -360 
-857 -435 383 -964 779 -660 411 116 -581 -335 -491 -237 -954 -698 -139 -971 -95 -912 -241 -760 -840 402 -403 -393 925 -548 928 -847 474 -578 691 544 866 -667 -80 965 936 -38 46 492 -485 527 -540 -593 -388 -251 -452 -637 487 139 141 -461 866 -270 -277 -528 -925 124 -592 951 -957 15 -536 -969 -703 -384 174 806 623 -638 -569 144 -550 -52 742 945 566 -241 557 374 -313 281 -145 -204 717 -176 578 191 -257 393 -531 -967 417 -161 -207 -143 402 -450 -422 358 
362 -7 635 -194 357 628 -700 637 -423 53 237 796 -569 941 -689 961 843 -714 -46 743 508 705 352 -9 -970 146 528 -97 -414 23 -101 914 494 892 227 -37 -917 541 439 219 -754 808 -783 520 507 -22 349 346 -864 104 424 -178 635 724 -844 702 909 343 -397 441 -125 742 394 -777 167 -590 412 422 64 -196 467 -862 296 -624 857 911 -902 648 948 142 -809 -404 -866 137 563 -509 -669 835 309 -649 -767 48 -726 709 -55 -581 -703 -466 -43 -565 
990 -154 698 777 454 762 986 -196 778 175 -267 -19 220 298 595 -190 439 -512 40 -877 608 587 -390 613 -699 -169 356 -448 176 919 623 -905 -255 -586 -467 727 -601 -405 838 386 68 -643 705 209 -433 323 -269 -133 754 -293 -773 41 496 935 987 742 -949 491 -984 461 -881 -193 -189 -361 547 -636 7 804 -931 -438 -869 -296 -873 -72 117 -318 -217 779 735 183 418 -334 913 -466 459 758 760 -394 212 -258 735 -137 -765 -571 -234 -486 -22 -561 -484 467 
-249 697 956 -473 838 51 -900 -339 -810 997 350 -920 911 630 982 605 565 -358 736 297 524 -663 -887 -291 159 -171 373 -674 317 91 -388 777 -885 -718 -638 -731 -874 511 -337 491 266 648 -201 -53 -581 30 -756 753 518 201 588 232 -731 -556 -489 979 -46 -58 448 -910 -997 830 477 -760 402 835 704 69 734 -104 553 -250 997 -501 -185 -790 -848 -73 801 867 712 862 -655 -565 -369 -502 792 232 -719 -43 -500 -86 760 -586 -479 -140 -932 249 -502 790 
15 -352 815 -792 153 184 -122 -224 141 178 858 693 -611 -87 703 707 -345 836 -253 -862 811 -677 -516 921 518 672 264 296 110 -538 -147 867 904 -158 -654 -834 331 161 -429 732 748 834 -89 563 -619 -780 779 162 -108 185 -67 -405 353 -974 -209 -449 283 731 393 -1 636 331 -592 -858 -215 823 -20 -643 -890 -125 -825 -332 389 533 378 16 717 863 888 -726 -701 296 -301 580 -446 -856 -511 71 -872 -252 -409 425 170 864 -25 -635 -23 -52 822 532 
-129 -881 -799 944 136 705 781 451 972 -800 -345 -580 -555 -730 525 -418 617 941 -383 -131 -247 -167 -746 148 560 449 643 -664 313 431 -163 539 -232 -782 334 -807 -501 -593 734 -36 501 -5 935 -873 258 842 -205 470 408 -821 638 589 -998 421 929 -165 -506 441 -842 -434 821 682 743 -693 121 -465 -686 -425 -723 -727 -17 201 -902 823 744 655 -758 -819 990 435 994 4 826 921 -764 -737 -460 215 -739 -738 -889 216 267 946 -515 381 -568 529 309 -629 
823 -128 52 -853 -991 86 -802 350 -794 49 563 719 -899 599 567 -407 -328 563 -308 664 226 -369 -532 428 161 498 88 808 -464 955 55 641 -876 -958 -606 20 -473 -560 -569 859 614 217 62 512 -333 896 -94 663 -987 -478 -950 321 -679 628 267 -111 267 -589 -800 724 -840 -730 -812 -214 689 -295 223 975 972 -323 604 838 725 589 -712 -838 -815 -253 -434 343 -979 667 115 252 -214 -500 -5 -268 -617 385 945 749 -867 590 852 -719 -363 -5 923 -924 
89 -56 -511 5 120 643 -286 438 150 -957 -719 -493 -541 -742 433 -64 598 -744 -326 -186 -908 440 -119 774 -186 218 -526 -471 -680 -689 -829 680 -148 -624 -681 -436 -836 992 88 -733 639 610 -76 379 -630 -487 -245 577 -530 -824 739 -160 -210 -10 500 708 49 697 509 -319 342 493 9 273 -263 95 -628 38 -118 353 29 -741 -765 -699 663 110 194 59 553 -253 -229 579 239 121 443 730 -100 -307 -621 330 70 841 325 816 -441 -701 402 -346 395 421 
274 99 -594 -637 696 932 513 -256 19 -989 898 -690 -605 375 -799 960 -467 864 491 398 -995 727 862 700 64 -933 -888 -343 -413 606 648 -280 964 -632 406 335 -804 -728 -877 906 415 151 539 -198 -516 80 588 -503 -72 106 -618 211 159 -279 519 -837 -496 -607 555 -977 -619 548 915 -937 -175 196 -831 75 829 777 -977 -425 -619 347 712 -642 -740 -281 381 495 255 -830 -385 401 483 -209 520 611 474 178 483 147 -4 103 -455 625 -43 803 391 -475 
-81 239 -84 401 -451 960 900 -143 47 460 87 635 -670 790 144 861 -12 -525 472 -587 678 -903 371 500 239 908 -781 805 136 -770 -441 -294 -741 -636 791 -155 74 -377 -657 -324 439 941 783 -93 239 994 842 290 -288 -983 495 -175 -809 176 57 -224 -416 710 -11 -557 808 -171 -766 141 605 -179 111 -213 436 36 -760 -223 351 805 794 963 -429 814 951 -240 198 -850 536 286 -201 629 -938 276 593 -485 425 552 -487 880 998 -293 -586 210 307 556 
-920 -800 139 -770 -946 803 -680 -235 104 984 996 -3 507 -46 -616 188 957 -549 882 -777 454 6 248 64 645 -757 -653 -109 -129 538 -141 -872 656 987 115 778 897 -931 -225 -853 -863 -429 -577 -632 -360 938 944 130 -978 307 -352 369 534 -276 -888 228 862 456 158 602 853 11 -235 -56 -213 -223 -949 383 524 555 -387 819 700 -470 -571 -867 -520 -271 862 -948 540 399 -397 435 -169 -143 -519 -239 10 -446 660 48 468 872 -372 67 377 5 -580 231 
-24 815 -771 -860 -863 374 -873 -479 566 188 -665 -597 -643 -189 -730 259 190 -529 88 543 -448 940 618 237 699 -430 -213 186 -588 398 -362 661 414 180 -724 -748 -874 280 971 -204 -319 -33 942 494 -893 -394 -647 40 390 -704 -972 -14 -800 266 -660 -181 -746 -437 -975 931 -45 -511 843 -126 332 325 551 611 -696 -646 32 -746 -761 164 113 647 490 441 793 -304 -470 546 -99 319 51 -989 -30 -621 -21 -728 -331 115 -638 82 1000 241 -694 -151 -306 -626 
-47 241 859 165 75 -710 -184 516 468 609 771 -10 28 -904 -866 -124 -885 -567 666 925 -801 -993 -936 -276 -763 173 -271 -157 -445 261 461 720 -439 368 618 -4 45 286 247 254 2 560 857 -27 212 -779 -732 582 -605 835 498 297 695 609 660 -957 -729 843 80 991 11 -833 791 -430 886 -624 900 249 760 -563 -609 -279 528 960 495 -437 -765 -897 961 532 -434 -114 357 802 -516 -24 -717 201 78 384 32 138 90 -474 -243 -883 -104 -192 -908 -92 
984 -937 768 -248 907 -290 484 -858 -562 254 -467 377 -604 849 -911 124 546 499 517 223 -738 653 -557 373 995 81 -264 399 -553 66 -24 611 -639 74 -769 407 391 731 686 776 216 -702 603 -294 230 -458 -738 -139 -730 632 -665 139 713 -484 911 -158 -579 -612 -939 948 719 707 785 541 599 -872 776 -260 -657 -604 -292 60 924 967 755 14 -697 -557 212 726 240 -96 -42 -267 86 271 -810 461 -403 -170 -926 -879 -222 -110 -18 650 265 -411 -778 859 
544 -157 491 -65 161 225 556 618 -102 -77 83 269 815 339 520 -119 740 762 -632 -484 209 -126 875 -571 397 509 101 583 -61 786 -633 780 341 -27 -428 -897 796 403 -199 -246 678 -694 164 399 -553 583 189 -364 -457 638 -482 -160 914 -870 -964 -284 559 -658 -228 525 91 -171 985 -790 -247 -330 758 816 385 -244 834 -959 -290 269 -875 875 699 -484 788 540 -719 678 621 12 -563 370 -250 318 -46 -880 819 381 992 223 -677 611 633 839 -352 913 
542 91 -662 813 -212 957 935 110 -692 -619 217 555 -585 579 465 988 644 -684 -79 729 -21 -640 -643 -200 446 242 509 -103 310 192 -71 -928 -219 746 127 -237 992 7 216 746 163 -510 -789 450 361 -833 -159 308 -277 -591 496 -665 -772 -713 -76 -865 627 -586 -101 -546 -388 435 924 -946 -884 -659 -589 49 -910 644 -694 -123 -628 743 -737 97 455 -103 723 -258 -793 300 -208 -434 -172 160 403 -160 887 -174 -204 762 -677 487 -301 -416 -956 -786 606 973 
157 -505 -45 -496 953 273 -750 166 -240 -349 -781 -766 168 871 -770 -876 385 -771 194 -190 -968 318 418 -838 -58 570 -556 263 -592 -661 103 736 415 464 -329 -771 -386 -235 -740 842 952 -474 -249 -774 -926 641 817 -865 443 900 711 890 741 -859 -255 -772 906 -246 -857 -68 911 -336 -96 -767 395 731 47 -222 331 937 -362 835 -689 274 633 198 372 -759 -442 -193 318 502 -905 -970 -126 -266 246 -520 140 -202 230 -772 88 846 -273 192 -44 -690 175 144 
-30 -982 -813 692 142 616 831 743 840 -806 -623 -199 -33 -485 120 -460 -179 -717 725 344 91 913 -835 -495 -152 928 -794 110 -197 -115 682 -62 -375 76 855 -654 544 850 448 202 636 542 235 703 396 422 717 572 608 -915 860 -911 774 -805 -614 839 174 -174 -468 904 -641 492 -616 267 668 566 -920 366 -837 -71 -36 -638 488 -727 -257 665 344 -47 457 -702 289 -69 -268 143 -675 -907 -220 532 786 1000 0 -980 798 771 3 -498 -30 457 510 -153 
-565 -693 -502 729 -434 413 -253 605 -683 -775 -822 467 532 508 -234 -20 634 -468 -261 -384 885 -126 -652 -218 -492 -958 -612 -476 -383 463 713 252 -818 -229 -152 -559 417 179 -301 -734 565 385 -40 212 61 662 -413 -374 555 -852 -312 -653 361 -994 648 -112 699 156 -487 -892 671 -633 -366 -449 -930 322 -21 415 -741 -82 -316 399 25 65 859 -259 -937 927 294 105 685 417 367 -748 -790 -647 438 442 205 -203 753 994 -337 489 865 783 -555 -696 -664 877 
-940 -118 293 -409 -954 944 -539 832 -78 -242 -558 -125 -101 834 -622 -93 -523 181 -737 68 717 -911 -368 94 944 20 208 157 938 -862 -161 540 -513 453 402 216 933 896 -54 771 983 -331 -307 660 664 448 -631 669 -173 -534 -969 505 828 -678 465 584 -580 -769 31 -863 904 -73 285 820 -725 -680 -365 551 -914 328 267 -580 -770 282 -126 255 -927 -783 -223 -781 -995 159 259 -737 781 -205 -320 -47 958 574 -504 -339 727 183 -833 18 988 38 -356 -369 
24 -301 534 -346 -399 40 -655 -602 -919 -725 -126 -143 -841 587 667 -847 951 -263 -926 325 461 -117 -614 -698 17 342 -346 -717 -611 -16 -715 563 642 -192 258 -270 -42 -825 992 -894 388 676 -244 691 197 -355 -152 -169 160 707 -718 968 -980 -905 194 -982 -431 -82 -962 661 -845 403 -824 -212 639 447 915 -834 -49 790 574 937 131 -30 882 309 -628 -25 134 966 561 -120 970 166 -47 -22 -533 -222 -764 239 147 927 -668 147 997 -22 17 -920 -94 330 
-148 519 -349 -388 -348 -667 193 729 352 -485 -160 -645 -176 -657 110 913 124 -627 -55 -806 59 -659 886 -712 -636 247 503 -790 -615 196 -21 526 387 529 -857 -442 -475 736 419 786 -429 318 -723 104 -628 741 -567 495 -413 524 -853 742 -367 -718 -363 166 345 -425 975 950 -25 -933 -566 -53 427 -494 302 602 589 108 -382 174 688 992 -287 -976 200 513 600 460 -33 -390 558 -468 -867 599 669 38 -68 582 -581 -384 -885 628 348 590 129 450 172 335 
687 -998 513 599 -579 601 -27 -960 50 -843 442 -712 589 -500 723 -25 -276 595 -292 -104 353 448 212 623 -949 -267 755 738 -326 43 46 771 -840 -841 -560 -135 -995 -961 590 578 -86 885 -175 31 -896 -991 -998 -759 394 182 156 294 -141 -206 766 -214 -418 -100 267 -328 467 162 941 576 250 584 113 -330 -680 571 -524 -315 -592 -104 -254 429 -942 -868 513 -643 -252 -420 448 696 -394 -829 -406 -316 -828 784 407 290 -280 -144 732 214 273 -426 -570 -190 
-358 -862 -322 -15 -454 343 -507 -427 -674 94 357 130 127 761 934 -606 650 -708 475 -361 -315 -933 95 485 -736 -407 330 -150 11 582 75 275 198 773 -559 -42 463 583 -294 -807 -997 -706 83 -474 -811 -152 369 216 -968 -598 744 667 -301 259 67 -995 -775 -447 802 -448 -501 273 791 843 88 106 745 -15 -424 -486 959 16 -688 -988 -492 470 -195 -695 30 -474 -126 41 -878 943 -343 647 -149 -106 -741 -11 824 -663 86 -26 -316 831 -807 555 131 -368 
-197 -587 654 92 867 -904 757 762 14 -506 758 -648 420 511 717 -367 -606 540 29 329 -160 -639 785 -462 749 650 198 -151 993 991 559 877 444 876 -539 -556 922 -364 232 -652 834 533 733 -102 -932 -853 271 126 442 497 -30 -770 -422 -341 830 -888 792 735 -93 71 -310 420 -583 -176 79 -179 631 506 -798 -563 -967 814 -856 -801 -687 341 640 -737 586 -358 929 -1000 -761 888 957 -872 -145 29 714 424 -59 -960 431 -437 -857 960 954 -66 584 917 
-164 913 -756 640 -213 -880 -914 924 363 760 947 -981 -434 578 823 -580 -815 450 724 -209 -877 381 -536 -676 -927 -67 675 271 695 893 -893 -875 -319 -653 -745 772 234 -214 -609 -302 -702 480 271 -667 -42 -627 568 115 -593 -435 -579 783 674 -624 595 -608 -715 -507 966 578 724 385 938 -322 766 -328 919 -106 -78 -816 788 977 -995 130 -93 276 776 -600 -580 509 518 563 974 -236 -801 930 667 -537 -228 -715 574 -844 -499 -820 271 800 -556 -421 -493 786 
158 428 -197 89 152 302 947 499 -564 735 -496 87 141 583 35 -967 77 616 -408 482 -222 -305 -299 -92 -568 200 -907 -407 -492 955 475 738 -635 -885 -75 469 388 241 -733 -492 147 -369 -6 -689 384 -172 -641 -98 -461 -597 -566 -684 -341 764 -164 293 856 -658 -106 325 -729 187 329 -130 367 -611 958 797 -402 -63 -848 547 183 85 733 -505 -536 -806 794 774 60 969 -472 -885 301 -314 -750 803 -451 447 -956 657 -172 26 -395 172 8 -425 288 580 
-435 876 182 -695 906 -969 344 330 860 -199 -747 -404 -997 -183 -141 690 -283 103 340 252 859 974 -587 -257 132 348 -363 29 -25 -673 -428 -26 916 615 731 -552 -518 -406 -803 8 657 -192 -764 387 -99 973 -649 -187 703 -694 -356 695 795 -925 774 -973 381 -764 124 369 -546 -496 648 -454 618 119 767 171 -985 -399 27 -516 726 -386 -360 44 633 759 402 -78 326 -293 324 -441 937 -940 1 -568 -572 -666 714 389 -397 -999 -835 775 570 613 156 -562 
724 -142 857 -541 327 106 666 -375 -703 241 144 -726 269 -697 416 229 608 -922 -839 -801 -787 -640 791 -585 979 182 -906 -149 960 -586 311 -54 550 97 800 84 470 -57 184 -794 -944 647 682 -329 647 -36 -271 -410 112 523 927 -427 791 -339 -332 -56 -474 -935 440 857 -155 835 71 -314 938 1 944 1 -724 -831 204 -879 156 377 -889 116 -894 909 -221 -679 25 -28 -930 796 920 -779 594 417 848 573 -102 -661 577 579 679 -707 -806 -942 738 -794 
595 -772 -189 -370 996 434 977 -523 -345 -330 -165 -709 -200 -788 162 -955 581 543 44 848 578 53 -439 -668 687 -62 209 109 -194 137 313 486 676 949 32 -539 386 -146 639 931 646 802 859 142 -304 812 48 97 -793 829 -633 -239 -448 277 -974 257 110 -732 918 307 -927 -702 -182 544 928 -365 878 -705 -940 514 -26 -511 -245 -274 26 885 947 111 16 217 283 -358 -251 -399 -65 901 332 -733 463 -649 -130 564 171 -582 -603 -370 511 346 -312 -711 
-540 931 -973 790 -838 -940 558 -584 931 794 220 -196 819 950 -44 959 -962 880 970 290 377 962 149 -196 190 -718 545 -312 -593 -975 -372 827 -822 744 -336 -184 -905 -290 232 -967 454 -858 -401 653 -347 -145 -650 177 261 539 939 -910 -3 -691 -3 -52 -504 -842 -936 -271 619 969 759 467 -942 -667 961 617 573 -958 -577 -709 283 -965 -948 382 -314 455 -606 -128 921 456 491 180 -657 -103 -719 -868 473 -635 423 479 -136 -731 -611 -700 -746 -731 289 238 
-991 -22 912 -650 834 27 -463 -425 485 -84 575 397 540 638 662 695 314 -500 -752 420 686 -329 -510 725 518 805 -56 -232 -104 539 828 837 -363 -58 -941 333 777 82 -776 -178 -725 -365 -476 -24 -763 -849 512 239 915 943 -663 130 87 -771 -900 -563 761 -92 617 47 -48 514 -422 405 -321 728 437 855 -771 -708 864 -405 306 -5 -711 306 745 278 151 -377 -955 -384 789 -261 -992 -731 -429 -671 446 -116 -798 -57 317 -394 642 491 -339 741 429 197 
-114 -600 -179 416 -722 894 768 -594 134 794 -93 -969 -236 426 378 900 -531 726 -802 -155 548 -655 -502 286 -952 -769 -872 -31 339 -296 -534 414 974 754 -822 -973 223 750 -825 489 40 -654 -992 -653 818 -417 -662 894 237 -780 -903 823 -927 903 -382 -904 134 -873 -93 105 508 227 -210 -389 277 370 172 -145 814 725 -281 -805 496 -370 1000 -684 29 441 -609 -92 77 -227 458 -277 955 -77 641 -753 -491 -863 606 791 -857 -318 78 -555 -535 -163 15 -991 
-213 308 -471 424 810 -576 926 949 -483 632 977 -668 -256 139 292 377 288 -582 -269 -851 -753 -550 -389 -423 527 799 -353 593 -971 577 -986 286 -132 -245 964 349 -172 496 -672 -536 24 300 -147 623 16 -277 435 -717 686 381 -402 467 -315 739 -941 -977 719 521 961 -279 465 -433 -267 -724 -143 848 815 -153 -620 -740 5 851 979 19 -517 429 910 914 -813 372 -485 -122 502 423 504 -608 -553 866 382 -863 -644 337 664 917 -161 647 -865 461 -920 129 
-130 549 619 -892 -516 -148 732 652 -861 -876 -197 -826 -943 -751 -287 842 91 -663 640 -3 -173 -334 879 -67 206 -79 -640 -671 -134 962 268 668 -208 778 -996 -261 -566 159 822 836 730 -764 -782 -119 -435 139 -57 957 517 442 559 -735 240 -162 -971 145 591 634 751 73 -634 -286 -428 706 210 498 482 -409 874 305 534 374 318 23 165 -249 123 621 650 -966 287 -489 436 -414 496 -309 173 -14 478 43 -340 795 -978 278 517 948 847 804 77 356 
500 -781 264 -391 -140 -43 359 -324 -202 -890 391 180 -749 -658 -874 433 -547 38 244 -835 -166 703 -195 -59 290 510 -43 987 -770 381 248 270 -132 324 98 -336 683 -199 337 -802 153 563 -417 331 -908 270 -12 -443 49 690 998 606 -527 37 326 -605 79 757 -849 -595 -195 655 -211 748 36 503 953 -610 671 -348 342 -286 -983 -315 -648 -464 -687 89 690 190 -172 306 -217 889 -378 678 568 -549 173 6 -243 796 981 -974 523 -841 -723 387 -275 632 
572 -626 447 -753 -978 -512 -331 -981 -799 903 -835 552 -690 717 -57 942 130 -137 612 -605 -931 535 -636 843 951 -874 11 329 580 988 -945 -186 829 -680 757 -361 -514 -606 966 -543 4 -62 874 203 -554 -621 659 -668 263 426 -213 221 186 -35 -844 406 -710 71 24 796 685 -114 912 489 -220 823 -29 -723 135 -658 399 841 -734 -608 218 -274 -272 -849 -494 659 235 450 -116 7 -729 -314 162 -314 -963 399 837 113 483 -187 858 697 38 -71 -701 452 
106 915 -726 910 -511 -28 950 -666 719 515 -967 -678 837 921 111 -676 -885 895 34 658 991 -656 -268 -245 858 -704 -686 238 -723 329 327 644 493 -136 -408 198 -669 391 689 -73 614 965 -565 -876 3 187 -432 -807 -757 529 615 -41 -240 -188 820 -521 200 -141 269 330 403 -328 791 -290 493 150 -701 5 990 939 602 -636 654 -564 -995 578 -334 86 -445 649 -755 -462 -210 765 749 766 893 664 -161 -509 -255 327 400 -868 766 -985 206 -53 -152 296 
-260 806 -950 769 -885 -742 -634 741 -374 969 -576 -733 129 -65 -448 731 -739 573 -33 125 -722 -98 692 -661 563 201 -673 -949 279 -523 -700 363 633 695 -175 -914 -46 609 -212 -894 184 294 559 918 -383 -850 -588 -520 -17 934 -378 -66 783 -124 -224 960 199 -734 -823 -833 -681 -896 445 708 754 717 -780 -898 -84 647 666 -219 721 129 -632 992 -746 930 -993 -525 449 -496 -425 -401 147 -964 -962 -828 -284 487 644 782 672 279 926 -506 263 428 -247 439 
395 -532 683 776 562 897 -725 -931 94 81 840 -391 476 164 -793 -858 971 -148 -537 997 921 7 468 -729 713 260 900 321 -383 -309 -100 -465 -423 684 836 -610 749 -675 716 982 -521 -370 209 -579 -410 -333 -663 -786 -567 -482 40 807 -546 318 -80 713 -400 -513 -649 -250 -128 -813 -747 -197 641 -857 691 318 -566 -271 -919 327 250 986 -632 -911 -100 841 -509 819 687 620 -685 205 -481 -967 586 -538 -407 -520 365 582 -479 584 -285 -412 678 396 -150 -846 
798 -180 -981 267 -676 -108 -812 -927 -408 269 58 125 794 -732 715 797 145 359 345 -701 247 -701 -25 64 847 144 -418 -610 487 -498 244 -753 654 991 578 545 142 858 94 434 246 -717 -622 803 105 903 -320 21 975 552 -401 404 -736 847 991 151 -956 45 33 -765 -555 -591 -754 181 -869 -279 -838 -638 -211 -968 -729 871 -430 -923 -608 522 -874 -830 -779 976 655 621 599 -348 -910 -401 539 296 -619 986 755 -253 -101 542 -167 296 175 599 96 -667 
-695 857 -752 621 -663 -997 526 -884 450 -603 -255 -582 452 -731 -213 -802 -190 -737 439 -730 -680 774 789 707 -2 3 239 523 863 -301 600 968 709 -955 -732 -319 -210 -181 756 -726 -137 181 834 275 530 -623 -641 413 -564 562 395 401 517 -482 585 -622 807 -825 -328 614 598 -162 -430 -309 -708 828 -899 782 -276 118 -519 -38 672 -760 -679 -378 -98 612 -712 46 973 461 -223 -303 848 840 628 746 -154 -83 662 -418 525 12 -14 700 -73 68 702 1 
994 -317 -371 -354 -992 138 -198 644 -717 629 710 390 658 744 -243 886 -307 -426 -166 500 -358 -384 532 507 949 802 -421 -706 670 362 -586 -52 802 33 5 -715 918 156 -822 -281 664 932 540 611 685 809 416 -509 774 -315 -367 47 129 -983 241 607 505 -577 -972 -29 -89 327 -251 165 540 -52 -616 395 -475 898 518 -244 163 -352 -624 -543 483 -654 -787 665 592 -675 399 733 -94 540 121 -657 480 -401 -752 -445 -70 -942 -260 632 773 646 219 69 
494 -358 635 -988 955 983 -857 -161 527 -685 432 -650 221 -321 -504 -711 183 945 675 -730 -889 -304 481 198 420 16 561 884 -356 -800 -552 30 87 198 -917 -806 187 166 999 -715 356 173 202 749 -332 -661 -427 935 335 -878 935 -855 -195 -72 -337 94 171 -540 103 589 -562 -674 764 838 932 -29 403 -524 131 843 585 117 694 -493 -32 250 985 -515 -975 -468 228 -881 604 -601 -787 -476 515 -914 -669 -996 -901 -997 -258 79 -179 -176 -205 -669 -133 554 
-610 -850 -631 442 -173 -718 163 696 508 394 372 -614 133 554 97 465 399 -941 863 -855 508 -567 -41 559 -438 -75 -250 -140 -982 518 -221 95 991 -789 -740 -90 141 535 -875 -21 374 563 -464 67 836 -733 249 239 -377 409 -31 65 -817 587 447 -484 -26 413 -66 -300 304 -851 845 837 -775 -969 636 173 -387 -141 322 17 610 -797 175 -763 206 -103 340 837 -564 729 977 -284 130 -364 423 696 484 -84 537 -536 -1 720 -137 115 416 -252 -141 808 
687 -686 -840 -94 -313 -804 -54 731 -256 -878 -677 923 822 880 409 -450 -631 -201 -740 50 -553 728 611 126 934 962 -422 127 224 -802 33 -618 -120 -121 823 852 884 -460 974 -932 -372 -835 233 760 -650 -921 820 171 -924 -800 984 -639 -303 -354 331 -509 747 580 -677 741 922 329 -398 -830 277 828 236 475 839 -974 161 2 -933 133 253 -329 347 -147 -727 189 -37 -525 -36 58 -28 -889 -742 -900 965 210 -353 87 104 730 -48 -896 -347 291 971 240 
535 448 -542 -933 -567 549 -798 884 222 -886 295 195 90 -600 722 -13 892 -684 568 445 -583 214 -186 63 999 659 309 -898 -862 918 -584 -80 -397 25 414 279 -238 6 413 605 -683 17 238 -493 646 -86 -683 -361 -568 -348 -907 311 785 178 -664 -65 -997 590 946 842 -182 79 -585 -19 979 -919 351 -416 -908 -776 -803 -780 -284 11 953 85 362 -620 -106 -352 -626 -294 257 -994 689 264 616 -948 -621 253 -725 -576 -373 453 250 -286 -42 -98 -749 -791 
-946 750 -720 732 897 -892 743 -726 -340 -544 -749 -633 -31 -766 861 -571 383 597 -641 -951 -692 243 302 449 804 -82 622 -779 607 557 -956 796 31 -774 -919 676 352 743 -668 33 -978 -829 963 564 447 703 942 -272 766 192 63 -760 663 -580 735 811 568 172 617 -394 262 748 -623 -830 652 -318 -377 303 237 -753 -985 828 -165 -439 -467 -599 -227 831 728 -766 350 759 -307 -398 -705 197 362 481 42 362 -548 685 -566 -118 650 796 962 873 -815 -484 
-534 -912 808 366 887 -419 -670 -615 263 -130 880 952 -852 396 675 -619 77 195 -421 -906 559 -485 80 252 -168 -44 630 887 -706 -933 916 -665 12 867 1000 746 -601 -535 469 210 -308 -29 -240 977 402 587 690 -314 401 781 866 -506 -721 121 -96 918 -486 -113 717 -66 730 566 -339 -154 -784 169 587 983 -474 196 -973 620 0 -128 863 927 -697 184 708 -275 260 -887 703 875 -952 -372 972 428 601 -866 -723 -577 842 904 -683 -922 529 -940 -115 262 
-343 -741 964 -194 850 140 368 -162 920 855 -340 831 -162 -715 -991 -640 537 -380 -747 -517 -270 670 -285 839 -780 -355 -802 985 611 748 -785 723 269 151 221 514 -233 -746 -935 -42 -91 -948 -949 -479 982 610 -372 71 -673 -956 690 -359 -37 -398 564 368 537 -719 723 525 25 -73 -632 48 147 -1000 639 -947 -676 -594 427 696 -654 -956 -168 -534 -78 572 592 -893 742 -693 155 -299 987 430 135 444 958 281 52 -865 46 -146 233 -548 -642 -180 280 219 
787 -218 666 -824 396 -754 -954 900 149 749 -28 474 -817 -528 609 -930 697 -324 614 -405 194 127 -551 26 -800 100 -817 -118 98 -959 137 367 568 86 -787 235 -670 -249 364 438 238 -358 -483 637 -938 -799 -557 -855 429 538 460 968 -183 -796 -480 -437 837 395 -901 -996 -589 -276 -209 950 -781 -212 -183 -514 521 343 801 393 -867 95 -359 -518 -850 401 -817 -993 -46 -735 850 -180 13 -175 913 684 -999 128 713 -539 229 67 725 -778 -384 -769 614 141 
-252 791 688 161 -864 -169 -270 458 154 -332 455 -23 985 85 -713 421 -895 -161 -733 118 -285 324 -29 353 840 -819 -905 805 93 -275 790 194 -1000 875 -225 590 598 -281 -901 597 248 -8 88 -918 865 676 741 -378 -474 331 286 -189 824 59 -867 -275 -154 448 -114 -552 -980 -139 194 619 906 -694 -758 -123 519 452 -371 193 -149 768 716 -441 -821 473 -142 -228 -554 -967 -63 -543 796 -377 -5 -374 -106 -915 -939 963 118 -990 656 459 518 -747 -275 -282 
114 892 956 412 -257 745 752 60 501 -269 -620 -33 542 -953 -531 790 -958 568 -967 -720 -142 722 -186 456 -203 -35 233 -812 578 614 280 -624 -810 791 596 -809 -599 -711 221 -936 764 186 -558 -213 -431 283 -307 611 187 771 340 -249 -940 378 828 -554 -91 911 314 -639 70 762 -283 -939 -146 -759 130 -152 396 117 509 -403 -345 511 -840 509 721 -320 -819 470 363 824 930 687 112 883 505 -546 391 636 -399 -198 123 962 522 827 -20 -894 12 -927 
-277 431 320 -44 294 -400 407 -729 1 937 -411 2 -977 756 616 -686 60 277 -434 -870 -512 -76 992 -402 288 -859 -137 206 -842 -261 128 563 902 -88 880 707 -736 -815 899 -892 191 -433 601 44 522 -507 797 -943 604 -976 941 -106 482 367 -136 -199 172 -605 -652 -672 391 939 -72 -255 -903 958 -180 -860 86 -21 777 347 753 300 -755 937 147 707 -655 -585 847 265 -229 -702 -926 -749 -226 502 -164 961 24 -918 912 410 -514 -417 -213 737 280 -324 
-94 592 -643 -404 379 -872 -676 71 92 -25 434 -160 -768 931 229 519 -616 183 501 -691 -992 428 -433 545 -138 246 -376 -97 667 -116 422 829 -785 332 518 738 646 232 -126 -617 122 987 -859 -221 -650 282 139 689 -267 -741 651 -63 980 761 302 -694 -955 517 900 -495 -627 -195 666 196 763 215 -521 571 -996 -43 89 854 -381 -106 622 428 986 78 -507 421 -283 -346 598 -823 -711 326 738 146 -177 -434 -796 -19 -29 -717 -656 678 846 -757 979 -63 
143 -31 -460 984 -653 414 572 -961 743 -743 27 886 -689 464 -674 962 182 -357 -478 -183 361 -620 445 -515 438 -465 878 -752 -286 -356 780 482 -353 -115 401 -989 194 854 -730 208 776 162 -371 -773 969 901 -977 -343 105 67 388 921 109 -473 873 297 -379 884 956 103 425 -981 587 197 132 -94 -66 162 590 142 864 -480 48 -985 -564 -245 997 1000 198 983 -686 -265 -348 604 -806 -748 555 -222 -157 -766 -142 947 111 -509 777 641 887 -752 457 281 
80 -871 929 567 994 698 -886 -748 817 561 -700 -578 -298 -647 -548 -267 522 -85 613 -937 -589 262 866 257 -185 347 -270 77 836 772 287 739 309 899 -271 342 135 190 -456 185 100 -239 788 -63 -766 245 283 359 -395 -751 -228 831 -675 748 187 906 -999 719 741 -398 7 -56 310 -671 918 537 438 -471 -892 560 -182 281 -431 -767 614 -511 -467 -134 254 736 -988 866 254 -512 652 -764 934 -107 -303 -223 -459 105 -743 997 -812 -301 264 -578 242 427 
113 -968 161 -907 854 -813 -506 -416 83 840 146 -263 -752 -396 993 694 -184 -248 750 -897 -881 -192 4 357 399 -939 86 -998 -758 894 583 -975 31 -922 -609 -198 858 578 -120 -242 39 209 -984 -587 -56 -623 -238 -948 366 321 817 -174 -746 -88 779 -478 403 344 -346 375 -268 675 -963 -863 -480 -238 -637 94 -351 625 -752 -823 -662 -614 707 -895 79 630 952 470 -429 -537 -891 896 -579 -244 482 -211 -910 -555 -366 974 -817 -913 -978 -602 -66 103 -654 595 
-535 -909 -647 -82 -601 631 769 -791 -124 34 -437 616 -398 -836 448 322 385 629 795 -947 -226 44 716 605 569 -442 -653 400 849 -786 957 88 -971 656 779 755 -681 800 725 -582 88 144 -85 494 -641 565 384 832 813 -324 -421 -460 604 -376 662 295 822 27 -46 -512 33 -262 74 -389 -495 -54 -547 360 543 -505 -364 -785 -833 849 -368 -876 48 538 -853 381 -433 -710 659 334 -8 -65 179 -215 -734 -630 620 -302 165 -144 792 575 -482 -103 -501 -565 
-970 458 -263 835 294 -244 -644 236 -833 -17 -362 972 325 -88 -716 -771 281 820 495 -802 -295 -975 -636 -935 -313 647 884 12 -244 -479 -739 -984 896 -649 -84 -985 -550 -444 -740 -740 193 604 598 297 84 -890 508 696 -810 -943 791 993 -235 228 -76 546 -100 -824 940 399 -834 63 696 -750 264 201 375 -489 -449 94 -314 -488 -485 858 686 -247 556 -140 72 590 -662 6 -209 996 356 697 673 -394 328 647 -339 315 -106 -142 -59 -307 -256 -764 354 510 
677 -802 676 -224 -3 117 327 301 -229 -814 985 599 -762 -607 -854 -442 760 149 449 -350 915 517 919 -724 813 -900 104 391 -551 -148 399 93 339 -219 532 619 -523 847 791 -406 -806 535 753 14 903 -231 -233 -347 14 -724 690 -300 -746 153 -481 -435 -172 -947 936 658 799 547 517 -516 -261 -182 740 -184 -631 489 -317 190 -281 474 708 794 419 147 2 818 -138 -395 697 -549 352 -262 -758 -968 437 -67 496 437 -166 231 -675 -833 -820 -38 -805 836 
-380 151 -680 -710 -841 -106 808 378 286 381 -202 267 109 646 -492 -689 168 -42 -870 343 523 705 568 -760 -621 -566 123 525 697 638 845 173 -87 -869 -624 928 -444 -525 439 21 126 -148 -407 -59 -784 267 156 -121 -676 -729 -307 -621 682 -124 -723 49 964 -667 -746 729 -260 -236 575 -442 755 209 450 -202 -364 428 116 849 -366 -713 509 745 300 622 -532 -415 -213 688 571 -283 641 214 686 -596 431 67 -802 300 649 738 -619 744 -922 -807 -888 -115 
436 -145 -152 -503 -691 -200 726 -632 -222 572 -352 578 817 707 817 -870 579 145 189 234 795 479 41 324 -728 -353 526 734 237 174 215 -649 -688 -677 149 -569 431 807 785 120 437 -663 590 -994 -556 -927 374 -56 -445 -891 138 575 415 127 166 -480 322 -69 -937 -102 -175 253 899 -711 -238 567 255 -724 451 218 -590 -628 883 754 397 293 -516 817 675 220 513 573 -657 687 170 -164 251 281 -794 577 263 293 156 334 403 -694 -774 46 -526 614 
-605 -849 -79 -718 -361 894 -632 311 -539 -324 -236 498 -926 272 706 429 869 489 690 357 966 864 -265 633 -903 176 -376 725 -644 -37 -485 -266 674 -317 18 -568 -661 688 517 189 290 617 -550 567 -601 996 -756 -14 -985 -809 720 -345 -486 -918 -837 336 -730 -437 445 -296 -891 841 -7 -502 -871 -571 606 457 -229 986 -753 308 -273 -985 456 -470 -964 -195 -24 -397 -359 799 345 -334 -11 940 381 854 116 216 276 689 -726 -409 -645 -854 -52 132 -861 -647 
-555 366 -544 796 584 84 210 -120 427 807 -201 -989 -270 107 295 -858 -620 -379 149 306 29 -680 586 327 -742 -117 -395 551 271 451 -270 78 -21 -354 -984 -137 -561 -820 444 366 172 544 -25 -651 -935 902 53 -319 622 724 -51 442 141 -689 -163 -778 -693 -364 305 314 453 -989 999 -373 -136 -598 -913 892 980 -39 -779 558 944 219 -901 -962 884 857 213 -924 669 600 -388 659 26 763 -422 244 869 -165 -66 216 -659 441 926 112 659 -429 834 -201 
380 -264 -865 -865 997 17 -769 232 -34 -424 640 -199 764 994 -818 -420 -786 -879 68 541 -856 -219 -436 -743 -455 1000 991 448 -978 -625 -644 -920 268 -726 850 297 -540 499 -675 -196 536 90 125 781 189 -29 -73 786 -700 -1000 -638 -373 293 -517 613 460 175 -529 589 -193 -733 664 731 -178 952 59 643 132 658 186 378 862 -854 170 -157 964 -96 -721 -65 725 -966 -159 772 551 806 -432 545 -957 226 -429 -96 196 879 -495 -780 -257 796 -287 -651 835 
-681 -322 -512 220 -154 506 582 -166 -804 -778 -930 31 105 -787 -244 -230 218 965 -526 -909 -680 358 -560 114 100 -188 168 -382 221 -820 -899 595 388 -401 -483 299 -519 -911 528 806 -892 454 861 -140 539 -339 249 -272 205 146 520 392 94 203 159 915 -461 780 -46 -619 -832 -363 -188 -184 881 793 -661 506 -839 -843 -636 -624 -809 664 36 -21 492 -856 -841 -352 -167 646 -469 -206 -213 -87 234 -407 -520 -296 -605 963 481 -619 240 -740 -347 759 381 751 
271 -227 984 -539 496 101 -136 269 -330 -705 -566 34 224 -594 -496 -76 844 -177 -885 -696 -896 792 71 219 -416 -611 -68 -395 -875 -828 -246 -148 -733 -722 -238 955 -945 -579 225 -112 -263 892 -36 777 -923 369 -474 0 487 -776 66 -889 -408 -86 272 -188 -794 197 806 694 -34 513 -207 627 -515 834 246 824 -768 -33 836 -564 -187 690 -552 861 -534 237 652 -933 472 836 679 248 -438 -10 -978 227 -364 -707 280 856 589 -3 447 973 332 618 -883 -445 
-893 -707 436 315 -352 -339 298 -652 -871 -732 -604 -449 -990 -112 -273 31 180 -674 508 174 119 137 174 -755 748 -336 -513 997 -978 78 991 -800 165 996 377 850 51 -85 -87 206 -815 529 523 -861 824 -284 899 561 -708 499 928 556 -887 385 -89 -153 -418 -654 493 210 -897 820 929 -331 -731 157 864 20 -179 71 92 -904 -449 106 493 849 -237 -46 673 -345 -4 471 635 91 43 83 420 -932 992 206 -210 943 -459 854 -371 618 243 769 499 164 
718 -173 672 293 955 774 698 352 -213 689 -513 889 335 762 918 527 317 -382 -21 120 832 -369 845 377 695 275 -8 416 -803 -300 119 -217 -781 508 -482 -34 645 -119 504 -903 -419 75 -99 569 -469 -521 182 -369 -484 475 185 100 -930 -486 601 910 976 89 -485 779 -320 -538 851 720 264 -701 -394 664 -373 670 772 -64 887 74 744 -597 -358 -700 -931 -741 -832 272 994 790 292 734 -615 -286 912 811 -96 596 -597 -728 -283 -930 322 566 -411 24 
