-502 -931 685 -154 165 952 -205 939 22 523 -890 -245 -807 495 -595 860 8 -408 -886 -95 -352 386 162 -632 -736 952 182 82 -961 -365 -80 647 213 963 -792 -242 186 -531 106 827 -933 391 644 473 -663 -674 505 25 368 -865 -2 65 693 -153 417 -460 -214 -227 411 -477 749 488 -348 -996 379 969 -594 -319 173 -224 538 626 -12 991 -39 20 546 988 -655 -937 189 -49 164 -363 -756 -906 975 -72 358 977 865 925 -762 -320 -946 160 673 -95 337 839 
-707 842 996 -95 -749 -223 -272 888 -430 -698 760 -990 417 -648 874 806 -769 163 953 849 -405 -939 -422 537 -15 519 -714 99 808 641 189 399 127 973 -284 422 -845 960 457 -799 -105 -803 -634 684 436 -905 951 -246 -833 361 -355 276 563 -701 -558 219 730 -290 -826 72 946 -769 523 -248 -634 -571 671 488 -819 -572 139 -256 808 -899 754 440 57 -9 -518 -363 -586 -203 -466 450 -862 -650 790 200 889 815 -134 368 -664 955 -380 862 472 330 447 418 
966 92 -866 -992 318 336 -577 -117 -247 456 -475 -420 226 228 -587 -631 -311 320 -774 32 843 705 -955 835 -973 768 168 -679 -14 -760 435 729 -97 -452 760 99 -323 -71 326 -130 737 781 -685 -347 -724 -381 744 959 777 928 908 -981 340 385 500 658 -767 192 49 -671 2 -424 287 -686 422 908 213 -194 826 -662 -627 375 476 548 110 988 818 734 -748 833 -875 -978 -103 201 -81 268 145 -14 -766 10 -836 322 -390 -387 879 938 -634 964 -960 272 
-430 277 433 899 -401 151 -554 -327 668 -784 292 987 -444 -747 -278 -277 -805 201 -564 -193 -5 -507 -688 997 -732 790 -630 -471 -989 665 746 241 169 310 412 -297 721 424 -768 -273 -479 -482 -92 493 929 800 161 -496 568 -2 -183 -910 919 209 53 629 -784 -712 -502 77 573 392 -944 851 963 -596 570 -27 -25 -94 386 117 644 32 -859 -306 -848 623 -518 -362 463 -810 -141 -545 -627 463 -89 553 -370 -976 768 -868 308 590 -82 589 376 179 -558 -654 
851 -632 -10 963 774 -80 503 424 -633 -402 -173 -809 -481 214 -726 -377 337 262 322 317 260 78 -630 -49 597 606 -359 -653 485 -811 -48 -80 -21 -744 202 -973 620 -693 537 -904 -803 -937 958 293 465 770 -383 758 151 322 682 -965 -214 -849 -725 -978 887 103 -590 -255 802 -319 -500 -784 500 4 -169 -106 -1 14 226 -678 -151 43 -75 399 -503 417 -267 -859 184 -150 571 958 -931 -268 75 -439 -379 -588 190 384 -995 962 146 -406 -243 38 797 -403 
300 -380 -820 -277 858 657 787 586 -415 946 -641 -666 57 364 -201 -377 553 -171 705 528 -573 768 234 44 859 -139 729 -756 -22 289 -613 -394 886 616 254 -167 667 -994 -380 894 84 -243 196 -80 174 413 545 624 -740 568 -845 -643 958 699 693 80 519 -43 920 75 -62 843 479 -690 286 -27 608 -265 -494 -476 -387 362 -66 638 -254 261 684 -11 -323 264 -709 277 -606 598 797 830 410 -626 537 387 861 290 -396 -145 -918 384 394 119 92 -693 
-203 -380 543 -370 34 153 436 163 68 561 490 -850 469 949 -744 964 -535 -843 -673 -531 579 226 387 136 390 -185 859 10 -132 -862 325 -243 314 -871 978 59 381 687 -331 760 -633 -458 100 -841 873 164 732 -315 782 -482 -767 679 -994 -811 916 -585 701 63 607 57 246 -337 -128 673 -517 53 -185 266 527 -241 -620 -288 851 -453 231 -204 -731 771 790 875 302 -969 -532 -322 337 -298 -148 985 -226 -440 814 742 -374 -378 548 95 -551 -135 241 459 
842 -850 903 756 -333 -498 -21 392 144 -663 -701 -941 -429 28 -949 -560 225 -370 -718 56 385 -993 -734 -409 -984 73 -67 -881 323 -452 -909 -760 -266 444 562 493 -14 957 -862 119 836 87 -232 535 -650 -271 -892 -156 745 -562 -826 -917 472 -177 302 -352 570 -846 608 766 -389 -581 56 400 965 968 -875 -411 322 518 -191 -545 692 307 631 -678 570 -461 -738 -379 -793 -543 -775 -944 568 936 -176 238 -831 -361 587 -89 209 608 -833 396 -172 482 467 -259 
616 -868 -976 912 372 -815 549 109 -242 -421 -852 -979 -906 390 48 -204 -507 337 -302 641 206 -591 246 731 -246 -80 -868 -732 -904 946 826 68 68 -967 -932 -482 516 529 608 62 -659 -18 959 649 167 -72 -914 352 669 -740 716 -600 -358 -226 226 -657 -560 610 -511 -776 -30 67 30 -228 -961 -936 -210 -793 -206 -309 -806 -368 640 559 -796 -863 -653 304 653 414 -956 115 -524 401 910 553 -669 -511 903 -278 41 890 -368 -655 455 -567 -170 -507 -683 113 
970 -320 -401 -944 -472 -626 863 947 533 140 -7 890 173 -598 -819 680 -975 377 242 -890 -890 993 844 751 233 -611 268 490 -153 -474 -914 437 -223 -697 -130 -758 -191 -729 -510 759 424 805 -14 278 -563 -631 -66 208 926 -33 410 -293 -517 -677 799 -533 -397 -344 432 196 -351 286 444 -660 142 166 658 447 226 523 -697 -423 -417 -205 -358 -624 -550 406 -464 -268 160 -502 806 -367 238 -312 765 344 -807 -241 -256 -215 390 -244 -30 -564 -585 -213 668 945 
-850 914 23 509 221 -298 -655 -68 21 -603 368 732 987 547 -865 727 -706 67 -743 -504 -913 888 -204 201 -700 -257 -925 -478 -585 -38 -257 592 769 600 520 320 -321 -704 -437 -839 -809 282 -654 -940 747 958 96 370 410 -338 144 -801 -538 568 641 -336 34 -521 -95 -501 -703 277 521 711 32 104 -42 818 848 -705 -658 410 573 -578 -809 142 271 -416 -156 -978 -890 -781 -754 790 -940 -875 -269 -747 802 -148 783 350 -44 231 215 183 -52 -945 -450 -485 
369 276 -525 671 332 613 -563 924 -137 -272 14 379 -631 173 604 -308 -209 -608 -907 115 -501 862 -922 -722 -824 -489 885 -829 -989 400 164 539 793 -495 -912 469 -871 -136 523 736 -335 -541 608 -365 -982 -843 696 -270 -778 -180 634 826 134 317 734 -63 -111 -865 -362 -649 364 873 342 9 -786 890 243 -227 -244 373 760 61 538 344 459 722 651 -880 321 -590 -316 829 -669 640 -668 473 -631 231 362 -944 459 775 -484 238 -162 -835 440 169 212 835 
46 340 637 -471 -589 -683 285 -162 801 -325 -778 -762 276 -241 68 334 -30 490 -387 -149 886 -268 210 -13 -691 945 -267 690 -323 630 813 -439 708 -260 -572 471 261 850 20 -667 -542 747 -257 -917 -890 -658 831 702 -91 -585 -756 971 364 -250 970 842 143 -588 -267 194 482 -305 -18 842 -92 -335 491 818 454 -669 832 -650 -7 -478 902 -954 -578 532 -530 923 -64 -628 809 659 -244 800 651 524 258 -259 -447 749 913 -157 -755 -938 993 -54 -622 -989 
744 -337 -238 491 659 -788 -356 371 -778 -63 -999 191 242 679 367 26 -565 -783 -69 -155 -939 -546 845 498 -906 252 -469 345 -381 -464 -71 -501 96 -184 484 -730 301 637 382 752 -168 -418 474 732 688 922 719 596 -395 -903 -773 -585 875 -407 -684 159 -512 -153 997 -915 -975 191 179 -463 -2 393 914 -296 855 -655 -600 849 -450 -879 904 64 -475 131 -924 -269 427 271 -173 -697 -631 -651 752 47 -626 -812 -838 108 -541 677 157 999 707 -216 24 -250 
702 196 278 324 566 -13 -18 315 556 876 686 348 734 864 -440 262 749 -798 665 820 21 699 -981 867 817 -316 651 609 938 -689 78 -176 -787 439 333 -415 -423 -142 -441 -402 134 290 -196 442 -945 280 -43 -200 -502 -675 -415 -972 -768 871 675 -15 479 -926 602 390 531 257 307 421 -158 -911 355 31 -16 174 817 816 670 226 -427 -664 -277 -560 -276 -110 743 926 126 17 -343 755 -979 -792 38 27 244 -414 726 265 -743 514 -636 140 -456 -459 
359 250 395 545 731 -323 776 608 930 216 73 -351 -629 -559 -745 -181 108 -260 13 204 444 -338 945 -888 -193 -387 -417 737 -359 518 315 -709 -477 806 -754 687 -66 -691 264 752 510 -752 270 -739 -418 -321 -583 -685 17 -976 -508 -902 363 495 -157 -986 -778 886 523 520 503 -416 713 -398 162 207 421 -560 592 -414 -606 673 301 -365 603 528 -816 -905 -942 561 400 155 483 -144 -592 359 -259 573 -677 -631 136 -517 193 863 458 360 -851 -562 -843 792 
-62 -271 -703 -843 -235 -605 723 -155 987 -996 -960 142 666 368 -926 766 895 -432 -148 -888 -310 -310 589 -964 661 729 -992 -92 199 602 -156 915 877 -998 -910 815 797 -257 754 618 746 28 915 958 753 563 -976 -16 270 -775 -714 -665 55 857 -779 616 -210 177 175 -926 8 579 388 114 -372 111 190 69 -315 -261 451 325 -22 -276 -393 572 -977 -236 552 931 -136 386 934 -362 761 663 -718 -892 715 -26 60 540 598 -487 119 270 -439 665 -417 -91 
312 -917 979 -113 89 -425 296 948 -559 -554 195 618 751 -316 792 -160 -39 -693 -376 72 298 -460 -302 137 -968 710 -449 -968 -237 165 -953 -57 -821 53 -358 -425 745 821 412 -837 -563 818 -105 -323 9 -991 -436 725 -517 15 -713 146 -171 650 525 -328 -603 684 -340 952 -57 123 -907 -906 366 -894 -205 648 896 503 -114 -890 379 716 -742 -983 10 -537 -708 -25 758 -479 -848 -890 -399 -222 987 746 23 -598 83 266 -570 -768 -219 652 -477 -28 -611 -514 
490 605 963 -335 -371 972 -709 -796 -783 976 -942 -16 -506 780 919 470 -640 734 40 -89 -22 -641 -309 138 -356 496 219 -294 -749 214 470 239 843 911 243 54 -176 -703 678 -171 -660 -76 634 -47 -743 -270 94 150 877 871 -213 -17 -225 217 -742 -798 607 891 265 -613 836 646 -528 626 -959 839 600 -682 846 147 680 836 -627 -432 756 -934 24 -192 239 879 532 -985 532 579 90 -921 224 780 -727 851 772 517 -247 489 215 630 -13 682 -512 15 
749 89 204 1 -788 381 849 -233 -835 225 643 39 45 -892 -316 549 -872 132 -11 339 134 38 -343 -265 -923 586 -598 -906 -579 -997 -750 -388 -320 -900 -605 129 -53 164 251 -135 872 -893 185 27 799 529 -451 -169 -343 -968 870 603 119 -623 -195 216 -989 -807 -175 241 -754 -215 -376 441 255 -209 -360 906 717 467 697 -69 -355 354 -382 -568 489 99 219 689 383 357 337 350 -362 -357 -760 -82 397 967 772 -472 75 228 -40 629 -133 634 -521 -229 
-84 603 47 -819 -916 631 -326 -600 637 324 558 72 44 651 -312 169 -535 -666 -436 357 -709 342 157 -312 76 -455 -838 236 -245 -641 -865 983 520 -307 294 -551 103 -748 431 -406 968 -493 992 -967 782 627 914 -108 4 -925 -207 -185 -40 -524 507 547 -549 180 426 -362 696 -73 538 -291 -492 -644 277 621 -886 834 -594 -792 -62 -852 -119 237 -425 -209 292 464 -642 -286 728 394 -723 853 -982 -670 562 -153 -100 194 -877 208 245 44 447 704 -780 332 
-705 -218 840 905 474 538 -833 682 -173 -370 -525 451 349 -785 -445 113 228 198 -581 -403 188 140 457 -863 990 -235 -416 -568 -468 973 174 350 -822 935 -758 -940 807 899 149 -574 -849 -48 -9 -748 -509 -86 -581 427 947 -65 397 -179 973 -797 41 -744 -20 948 -189 -652 265 -26 -476 -707 884 -139 480 24 529 556 -675 979 437 -169 143 -867 -311 -712 -128 -178 -168 -19 922 -641 296 709 -599 809 -542 -163 -449 -143 -411 946 -635 -156 146 -356 -614 219 
378 -582 12 160 204 -965 720 -373 -521 102 960 -343 430 399 96 -435 368 -401 -77 -187 617 -418 120 -423 -760 645 -412 342 -15 890 713 -649 178 338 -71 724 -399 624 -228 175 -250 945 -172 -37 149 459 60 656 -918 711 456 230 -463 658 792 -574 -113 -756 -312 128 51 642 223 820 114 74 954 -572 -121 497 -666 130 -181 -849 -98 -269 484 283 -204 -43 83 602 914 821 49 410 391 -898 0 712 -520 332 460 -447 -486 135 -647 739 -186 437 
763 717 -182 634 270 -319 198 279 334 647 407 46 -1000 960 -347 -210 -65 414 255 325 -90 -852 871 301 -158 207 756 -476 626 -543 71 305 572 514 367 -213 198 -425 -359 312 -353 -950 222 -597 789 -552 -330 -767 265 -337 -485 151 365 605 -53 -984 -458 -124 897 -991 -708 -648 704 -698 821 -480 620 324 -884 -46 75 -503 108 342 983 -841 615 786 129 -693 -884 193 -873 -728 -682 -21 -95 471 -271 -855 -86 -611 53 -96 -359 -224 -537 -944 -36 962 
459 -146 262 761 -639 -346 815 185 68 348 -633 548 -349 -424 -538 255 -689 -943 -679 -829 7 416 -437 331 251 327 -613 -73 -423 -63 560 735 -515 -863 -43 381 288 780 -38 779 -412 276 -632 715 -180 -892 -184 761 401 775 -170 -870 -964 -315 -294 814 799 -745 -847 470 245 887 -386 711 -570 -267 -541 413 -660 214 613 960 986 436 -325 793 -416 -854 -866 -232 -924 483 -623 206 989 -494 -563 714 -482 -89 -682 587 -243 -653 885 -990 -436 486 157 254 
-359 820 599 -487 169 -666 -629 64 -291 -825 -667 -817 -866 -89 158 -938 -330 964 -773 -473 -568 -851 -842 -119 483 965 -663 432 -275 -710 488 811 -825 -523 -827 265 427 -503 -603 860 -25 531 570 -845 -844 -772 -539 720 862 -855 975 70 -608 899 673 -425 -526 -97 -888 -795 -474 -34 776 -124 -546 -563 -213 539 568 37 -310 920 995 -424 643 -947 317 865 -317 905 606 862 -673 116 -960 -859 482 256 -835 933 -220 804 203 -831 -359 -446 -6 838 -879 -608 
19 792 -231 -11 -786 964 784 216 164 213 -584 527 -101 -129 -14 -248 323 627 -368 -519 577 495 -306 -330 -103 556 -376 405 331 803 465 -922 -358 -633 285 -393 -65 -886 -526 -606 709 900 -805 331 -989 -461 638 -243 101 -611 -729 -596 -202 -919 -892 -325 889 -165 -269 -715 650 977 -672 -959 -572 507 -373 2 456 683 68 946 790 691 729 -308 123 -773 421 12 -548 -750 507 786 989 -828 504 -530 -655 873 309 -538 918 763 -651 403 -29 520 -490 293 
910 -432 394 137 -661 -603 -595 311 44 57 846 997 -816 110 462 357 507 -58 233 -225 -862 -787 810 -526 897 -876 -54 -839 850 17 609 -437 198 -896 917 925 -147 520 -950 -992 -774 -487 223 537 -274 471 886 -527 771 530 -433 735 -250 -554 -511 889 836 -929 -23 -484 -186 -60 740 924 975 152 734 -146 -275 406 246 626 -206 -877 431 -809 471 107 -584 822 105 -7 -311 299 -161 -615 811 255 -520 814 -551 -817 -906 476 -147 388 657 745 333 -727 
14 958 847 -563 -498 -463 981 -778 11 -686 106 676 -538 -160 388 -477 68 -444 -532 281 483 -174 25 513 -656 335 977 -168 385 693 -828 -666 -82 -468 448 64 63 -625 664 -377 693 555 -102 -692 142 534 -614 -633 -143 239 -751 -641 320 860 -96 -129 -207 855 895 -507 -755 982 -27 965 -761 -285 -344 404 756 420 365 -388 -436 179 247 -857 131 -428 756 -19 112 -397 325 841 404 -952 456 612 -147 -187 -948 -435 317 -220 355 -777 -615 -273 829 747 
-687 69 441 808 930 -227 -497 220 16 -145 912 -582 16 -675 922 53 299 -634 -632 699 5 888 417 -465 -805 -353 -370 -812 464 -313 238 -201 965 -923 -343 -359 494 294 -579 -269 -431 851 -342 -837 -143 4 941 254 -391 -79 -698 -844 841 -581 -254 925 -552 907 -336 -597 -128 -624 25 718 735 -715 -626 -823 414 77 -49 22 262 -264 -892 593 973 -150 705 267 709 755 450 -476 -731 688 910 64 669 690 -607 -503 841 833 -109 597 29 873 -73 -525 
-451 -671 -960 551 -915 -621 851 361 -170 -320 -420 893 633 -754 -945 -135 423 399 -489 -922 -626 -368 -276 778 -552 -179 168 -486 41 -671 386 -198 195 -619 384 149 82 -73 -596 716 -554 -966 -437 275 -410 603 -136 580 555 404 860 344 -292 735 -675 573 663 402 282 -575 933 703 515 -519 -756 44 -741 -225 -292 580 134 -351 720 -697 -281 -886 154 -194 -84 -825 -984 318 -133 -93 -775 -556 960 906 992 -968 162 -933 691 409 -228 708 -339 -289 -349 342 
202 -214 -232 -958 -535 -53 -761 -178 -577 452 -116 -27 -522 73 276 866 846 661 -927 693 203 -61 -680 -350 -603 220 585 115 -410 94 -205 555 184 236 755 655 848 -655 -785 445 664 875 181 500 383 32 -682 -848 55 -571 704 -551 -477 514 -118 -931 486 585 200 688 848 -724 688 627 253 -930 -314 453 -682 905 -335 279 420 -36 -203 -148 -468 -495 -794 -718 481 263 -581 -760 -162 382 176 -965 126 -805 11 659 760 -730 386 -23 -62 -489 256 636 
799 920 -959 115 157 734 534 215 -222 893 -341 985 -928 928 159 510 766 -845 670 -832 -941 -725 -511 -826 147 2 -692 -221 883 -925 158 107 -671 844 -603 744 286 -649 -220 14 748 -356 267 -490 228 -848 390 631 562 10 46 -820 18 -27 -90 887 493 -977 179 608 -366 765 -68 -850 -332 486 -486 -395 79 832 901 949 854 157 -97 645 551 -319 374 285 199 -728 57 744 -74 679 -708 -136 442 969 -312 831 70 898 929 -593 151 688 -794 -790 
-556 718 576 -275 977 4 -177 933 864 -910 836 -404 128 652 -244 -269 623 802 307 504 751 -715 -873 826 -339 -273 -579 756 -774 -227 -830 -820 872 -160 -973 -321 948 -888 -24 -372 -391 -948 577 351 -696 547 -956 -257 -616 194 -192 485 -481 296 -382 -260 564 -881 85 -449 882 96 -684 918 -135 -485 71 -688 761 -136 66 864 498 -29 -733 -82 -328 691 887 -143 -678 241 732 681 621 -549 988 -132 681 123 -46 223 -322 447 -453 700 -483 -246 -782 680 
-611 -594 679 -342 -647 -194 -403 -299 -623 -321 -331 271 -117 -625 907 -511 -903 916 484 64 -468 -872 -243 -911 -250 243 368 -798 -700 -62 -937 496 -870 91 -294 712 447 -347 -750 109 973 47 -53 -480 -687 -894 -726 273 189 999 -714 342 -378 398 587 -407 -548 -989 353 111 291 418 801 397 881 -702 -707 174 -727 264 875 994 807 -331 861 188 -943 -60 -830 886 376 -437 21 -212 -221 -458 543 903 619 437 -875 998 198 -580 245 -55 221 808 -997 -241 
-29 886 144 804 99 749 964 24 236 -574 -991 -696 -755 -57 -299 35 -76 -994 -269 -981 196 -388 329 -237 314 718 -280 67 849 -919 -614 -321 -986 750 -528 987 897 -326 337 -44 -8 649 424 -501 395 -932 -198 262 458 842 669 -921 869 -598 520 -564 556 315 747 428 810 -691 241 383 751 -725 80 -666 -401 -168 -556 328 287 493 -593 171 534 -703 356 -872 -447 -436 912 65 -107 -304 27 280 1 -760 -671 -349 544 783 -102 -458 125 479 -340 -368 
-122 771 24 -389 -616 514 463 -228 -25 -151 993 -323 272 -917 445 503 129 501 230 227 -845 -375 852 -586 -345 364 -93 -715 573 -575 113 -9 -260 -192 -204 -38 -513 -950 772 269 -893 657 416 -373 260 -125 235 -666 -734 -299 823 96 -380 -480 934 -861 8 -693 -673 -657 307 584 283 123 171 -768 547 -183 -922 812 -739 -640 -438 -500 858 -157 176 -288 852 525 -647 -770 339 161 547 -200 -921 272 198 -776 93 -502 653 -292 -913 738 -17 -619 -354 800 
-187 -739 505 -846 811 400 -46 -107 498 -547 334 -959 71 290 -378 -273 332 -562 -529 521 852 833 -498 843 -750 520 116 -292 452 -912 549 394 -749 251 -514 -919 865 490 -644 -139 -156 727 93 644 -591 -253 -503 34 166 -337 496 366 -261 -902 -645 -876 513 353 -288 -755 -711 -9 333 454 -878 373 945 -988 389 -291 -67 39 715 561 -849 261 -15 -546 268 -47 -20 9 688 -346 697 -481 -564 822 729 717 90 -276 891 438 837 -195 -341 -721 -916 -733 
-122 71 470 65 -443 490 926 543 192 -773 -578 -706 763 4 -245 -10 204 773 442 382 428 558 -108 -779 -607 882 363 214 285 -595 -332 164 -981 76 -349 731 -366 748 78 520 46 -493 -479 134 -556 810 -547 -310 -743 562 786 -70 -463 974 -416 -742 786 -944 -291 -899 821 276 -746 -794 259 -946 780 320 750 -253 -87 578 830 -594 -318 400 -905 230 928 183 409 296 -570 -539 -156 -811 911 890 965 662 559 83 -377 -805 581 31 449 793 252 -170 
253 -431 540 717 -330 -309 -377 -641 -946 714 399 -782 -967 -614 -898 -381 498 -988 113 462 694 -449 -741 -80 -509 489 -611 -509 587 556 -938 -837 -133 885 721 92 581 -570 -529 515 -871 -582 -267 -356 100 766 -813 -725 -466 -223 736 952 -542 954 -71 -189 239 -471 111 890 -515 942 269 818 -340 620 -718 -911 448 -305 -4 167 -275 204 589 980 158 659 -189 973 -289 963 -812 -838 -162 -758 -818 396 -594 -726 558 432 910 -812 -474 -677 -620 493 -198 741 
-72 511 -108 -195 200 -387 746 442 118 -897 -319 -534 65 -58 -1000 -401 -156 220 692 -948 380 -761 404 957 835 -734 -510 -954 727 964 -600 590 338 117 472 -525 -895 -812 -480 310 696 185 -581 162 124 -933 -995 555 -228 -175 -378 -540 -106 -225 -658 -643 199 127 -575 -276 412 -331 720 -531 720 176 618 379 -288 279 533 -480 -793 -80 65 669 -994 -633 615 988 229 -681 839 -757 -83 829 -402 617 -191 269 -908 -277 -530 -447 222 -226 459 -519 -238 949 
-614 895 -305 523 712 -628 341 739 71 658 162 -159 -437 -734 -667 -371 894 -66 71 -272 331 -739 577 590 -705 634 264 -278 955 -824 947 -983 428 590 52 -346 475 96 -895 -465 -86 -227 760 -789 314 -37 -385 979 344 -6 -866 -255 -576 -145 -690 899 402 -44 265 588 336 226 -519 -229 805 -178 -747 -106 515 528 -278 -259 583 -872 666 468 -261 279 257 -246 -433 -840 422 499 202 -958 382 61 836 713 -876 391 172 711 258 744 952 -246 -850 142 
88 217 -816 -414 -127 805 -547 -382 702 -276 519 604 90 -892 726 256 224 -441 -773 580 -178 733 -684 -302 -872 251 -319 -976 -620 42 -474 565 -86 -421 -926 -450 -817 49 -250 -532 -462 -640 -388 -827 -104 -138 -799 -645 -33 299 -608 606 285 196 -866 -234 -264 -795 -648 609 3 -301 523 437 813 -694 232 874 -673 30 840 -80 -333 94 -31 583 626 266 -265 -771 857 996 67 -349 60 109 -694 -843 -654 401 231 -733 -206 -648 199 -47 86 831 -138 -963 
-812 211 582 -491 -595 -572 685 603 -848 569 624 32 918 -910 -602 178 -733 -249 -341 -624 82 -299 -475 -340 -673 352 116 -932 432 830 -430 -635 -764 258 -456 -133 -382 -191 -202 -883 398 -533 323 995 953 -716 -929 -350 -309 765 49 658 -336 -920 -157 -892 446 -845 -532 842 -55 867 -124 -862 -357 -7 240 -356 -326 -402 865 -162 384 -17 -611 532 -39 365 -991 211 689 370 950 -463 -889 -439 -546 478 567 468 713 474 -3 -782 -986 -634 -921 -429 -901 805 
-447 705 -669 -352 -428 126 427 661 2 160 147 -140 858 549 723 -857 856 614 -146 -692 -769 -10 975 -145 910 911 -236 209 658 -19 -302 -298 -747 -940 712 -517 15 778 726 309 124 -797 246 -231 436 296 643 -963 327 -813 -252 20 810 176 830 629 -697 519 -699 70 -889 792 -449 859 -893 -553 -116 460 -847 257 72 843 581 -672 -778 -732 441 -135 432 -227 -177 -213 -897 879 357 -860 -573 645 -567 897 344 -200 -122 -527 18 318 -776 -458 741 665 
-990 -8 -621 -922 -214 -559 -65 -696 -905 511 -334 354 33 -76 513 -113 882 707 -722 25 990 789 774 -685 -172 -309 293 -574 969 -445 -905 -105 -64 -138 -690 738 449 373 956 -935 118 -207 393 -382 336 -119 869 871 -265 79 -496 338 -589 -285 -75 234 965 -981 227 718 61 -77 -428 446 303 522 728 896 -636 931 646 849 49 501 882 787 854 662 382 957 -266 925 -440 -573 -718 -75 -339 -330 -315 -647 815 -810 627 -412 311 -352 398 170 -248 292 
748 642 -14 123 -481 -468 -508 308 868 972 -43 125 -604 82 313 453 439 -652 -221 -652 749 353 891 -988 114 911 399 -773 831 -679 618 -181 185 -569 -817 107 -705 -224 -352 472 939 -541 -367 966 527 -462 -328 -109 -583 -230 -734 -486 -701 498 931 997 943 988 816 -931 -805 -356 20 -450 160 142 664 -669 885 -996 210 -683 738 -815 505 -169 848 27 -577 485 293 28 363 -735 206 -211 -922 243 325 -915 -321 -134 232 780 613 -81 -391 785 642 439 
-799 574 -330 848 -174 843 -963 -82 -335 -306 -440 -710 -609 886 -229 -705 231 -588 -78 864 734 474 -602 -697 -421 -648 -815 -670 265 -161 674 -473 669 160 -644 35 573 -201 -987 -897 -523 118 -253 -421 652 22 -812 -107 212 -269 44 -967 980 -174 -575 -636 445 364 241 -587 -510 -854 764 926 -190 206 592 67 851 277 958 -537 -54 296 -915 -938 469 -41 753 -439 -350 -504 -217 135 -601 -204 691 -491 668 434 328 -785 818 579 420 -836 -47 -17 82 813 
250 -110 -940 -446 -484 274 473 -667 324 233 -984 264 120 361 228 802 677 -278 111 443 -530 976 282 -564 223 -775 833 835 -261 212 -206 -466 87 239 122 -408 941 595 -551 708 778 802 -668 494 478 -794 -287 131 151 -629 -114 244 -136 -404 893 -92 40 81 -998 990 -238 -46 713 -65 801 872 621 -821 -792 -415 626 320 -616 -451 -362 -374 -872 166 198 326 481 424 856 -184 491 -363 525 983 -842 -977 930 349 -955 310 -364 -429 362 -178 979 -191 
402 -711 -910 761 -265 -131 -991 -569 -109 606 -102 -897 926 -757 552 -808 645 390 197 -779 175 -371 -839 -217 -650 552 -746 -583 635 775 -996 707 -550 -540 -825 686 327 -871 6 798 -958 -579 692 650 794 -717 -9 485 -312 -19 542 134 -764 235 35 367 -770 484 -449 -412 182 796 -116 132 748 -603 98 738 -794 -67 -160 642 293 -939 -10 -139 148 -735 -473 -499 -32 -358 -215 -29 -675 803 -68 -556 708 -105 657 -744 -432 -278 586 677 -588 -10 264 783 
134 965 -869 894 470 -106 -591 803 32 -513 -335 392 773 284 822 -136 -885 262 -846 -26 760 -227 673 -571 -528 220 843 928 -923 911 -252 -774 -813 -768 331 624 -559 769 -265 190 738 -711 -999 726 106 -19 -655 755 995 392 769 -829 -652 -281 -559 133 202 62 -431 62 -651 -907 497 -742 697 -149 -188 68 455 -958 27 -582 589 286 -663 -487 929 315 258 -832 -387 186 -9 -573 -182 -655 -352 808 789 640 -39 -533 809 118 617 -237 -268 -159 -21 539 
-487 136 16 -902 31 -992 179 -403 606 328 965 -497 -48 205 -144 -323 -341 -143 409 -724 513 -302 -248 -68 835 -715 67 -819 194 487 -872 941 240 -987 -665 166 912 235 768 667 837 -424 -888 485 246 232 -778 -584 -828 332 954 -488 131 83 329 499 33 12 815 -776 357 -92 818 -898 -223 786 -681 -532 -663 917 652 -843 419 160 408 35 260 15 477 19 217 789 865 -855 188 -313 106 76 691 -327 -799 398 454 -252 248 -843 -565 528 -242 -494 
648 595 407 -867 -758 328 -679 -720 962 331 743 178 -441 -840 42 539 456 12 921 -457 -83 -874 652 -433 -302 -633 564 771 952 -308 13 -737 -775 -49 -120 772 -491 -395 972 231 -296 818 -246 14 -263 393 -902 -754 -5 -82 781 690 -727 -167 138 -352 154 -123 52 -898 481 82 972 -625 904 -736 999 507 159 -68 -180 -270 467 -554 758 -466 765 935 612 -860 -836 218 634 -614 -9 -331 213 -771 -287 141 144 -525 476 -518 -7 44 -707 238 -974 118 
-306 683 -750 -368 409 -844 563 -317 -279 399 -26 498 8 -345 378 772 -44 -805 815 612 -65 -136 488 869 -581 201 819 827 -883 -681 -387 -746 967 668 -215 -271 901 -758 323 -46 -557 451 -339 -423 961 -963 -449 885 -760 641 -426 -542 88 -656 -81 548 618 517 -491 -41 510 -982 326 159 308 827 -698 -946 -956 581 513 727 -829 -848 238 327 204 417 -976 -635 -368 -904 777 147 -641 -119 -282 146 937 818 -980 -759 683 682 -804 22 530 125 187 76 
214 -520 231 240 -472 -469 -31 -477 -831 -767 268 -618 -836 -821 -833 986 111 -714 -987 -464 -690 -594 789 -263 -47 371 -457 -976 926 212 -535 633 417 -975 127 628 -708 -405 697 -218 -600 423 199 -427 -382 390 -481 -671 -408 241 619 -529 -420 980 -783 -265 605 478 605 612 362 -637 -176 -171 -474 112 -655 289 968 138 592 908 382 130 552 684 -648 -4 743 -259 -412 -388 248 971 940 363 10 667 -408 -492 -425 -498 630 -384 -127 575 910 653 -82 679 
-206 -653 -360 843 920 67 -299 685 907 -536 816 -978 -649 500 -228 -804 665 -957 -550 259 216 -519 -968 -525 -777 -711 894 -411 -573 -813 513 -803 996 -787 655 -962 -116 585 512 137 596 -104 -114 -458 81 -123 786 397 -346 131 146 -15 -369 154 -872 169 -728 890 -529 -906 -130 452 -701 -6 -995 -662 -494 178 -138 742 305 -972 -23 144 96 -25 -202 702 -287 -270 -138 -509 -117 -292 -461 -952 -179 81 -386 101 757 482 -920 -535 937 -167 -201 584 -385 -812 
-929 447 -33 537 176 799 426 -244 41 19 152 -799 359 -2 -179 129 336 978 -108 871 155 526 712 44 -316 -648 -722 -853 217 -483 21 534 138 -447 914 413 671 772 -286 -466 -993 847 -870 97 367 87 37 443 882 204 -882 -839 413 419 135 -41 -544 -697 603 -116 -799 -817 78 -726 -353 420 -24 -908 -487 -180 140 -844 583 251 240 371 -884 -431 314 -222 -83 89 124 -91 514 526 -987 -455 454 980 848 -281 -904 108 -305 181 459 -223 -611 -369 
-700 -292 612 979 -991 -353 -723 -716 192 -304 179 458 -671 16 640 832 -560 454 -696 -485 667 -913 52 274 -372 -395 731 -297 649 -941 921 -618 426 -364 -10 -61 779 -154 237 748 -462 502 -891 967 -966 -676 818 501 -758 1000 -989 431 -52 -548 760 -485 716 -464 275 -674 177 -376 -416 -525 908 -170 872 734 -264 135 984 -972 2 -1 -495 -587 -627 947 -928 487 -356 -356 245 -216 117 219 -583 141 -917 896 156 11 643 -185 445 -703 698 482 -893 -77 
322 812 -220 -971 -964 -279 421 520 274 572 484 -765 321 515 -971 456 -453 -470 -749 704 997 -945 698 967 758 -801 -99 185 835 220 -990 -693 975 841 -97 -581 531 -981 -61 609 -393 -756 -956 663 -182 -491 474 -1000 -674 -125 133 784 -151 -679 865 -884 -778 343 788 871 -638 -195 -510 -912 225 847 -578 -332 -809 174 84 776 -455 336 490 475 -879 -729 246 579 -347 -461 -754 -307 933 -448 175 -961 505 -373 -946 78 753 40 -314 676 476 -424 419 -466 
344 647 -87 -228 455 -376 -695 158 529 -929 -734 207 364 60 -197 -354 -736 -147 680 130 -415 869 6 -613 125 696 535 609 664 752 337 263 873 118 -649 -905 814 -108 -837 -860 -776 724 814 -842 875 283 822 541 -588 -528 735 -998 66 340 573 504 -186 597 -940 -984 443 -410 913 1 -691 -662 -300 473 -670 142 480 -193 893 129 -449 219 -86 884 -164 759 -992 -88 566 -947 -110 776 502 -117 -163 823 -234 -243 -109 98 749 540 -188 586 -319 774 
-43 -187 -586 835 559 -740 -675 -986 -631 535 953 587 228 65 -1 -121 -924 -123 -568 -923 -29 659 770 -30 901 -630 -644 943 -64 -433 299 -590 685 490 609 701 606 55 643 19 755 121 -869 660 437 23 -679 -159 -751 -69 -168 178 -829 809 -417 463 394 -288 630 -391 -919 124 -767 -675 -221 -910 -976 -579 -938 -47 6 160 -663 -263 -27 562 -398 -746 -581 833 129 605 473 -256 -497 -198 586 -350 -395 955 392 -199 -414 -692 -450 -39 -343 195 -694 -216 
524 819 -907 187 718 313 -880 503 -797 -190 -746 -995 -745 143 -526 921 -826 923 626 203 -841 -111 938 -226 -618 -761 -418 55 -625 232 141 607 -78 -898 -980 -986 -315 -279 -479 -332 -84 -478 559 -401 -851 234 -1 -657 867 -382 -220 -286 -666 -207 -428 -5 560 -995 708 758 914 23 491 -790 617 -239 366 -68 -703 -66 -814 -963 -105 -456 391 -596 496 20 -204 665 -614 -432 -761 778 499 -676 86 -287 -611 -309 729 -923 -991 59 -573 -339 460 579 -783 -765 
-988 -32 -37 -575 921 -1000 938 -403 -113 98 -34 -441 17 785 675 724 49 798 -306 817 358 -607 973 456 399 -461 -703 -271 -377 262 378 776 802 -128 -989 858 748 -742 306 -625 -634 152 -350 976 -569 -290 -900 454 904 92 -592 -147 222 998 -3 847 982 563 -146 699 150 -394 -833 -688 928 -618 172 -935 773 -158 994 -556 692 584 194 785 -999 -990 -448 -403 387 -158 -298 315 580 644 -254 -808 -500 214 -452 806 58 130 748 -388 339 -288 -460 -467 
682 400 360 439 -62 701 -315 -920 -898 -676 -283 -444 430 -371 -220 718 -259 746 -999 244 -796 958 -735 324 -897 -615 -442 -540 559 -472 -183 486 591 -930 691 -996 -409 -806 485 -164 808 531 -859 727 -350 -180 101 -763 389 499 670 442 680 -207 -402 -499 -525 583 -194 377 -491 -6 156 -325 -833 370 389 -688 -449 946 920 -434 -416 18 482 -671 749 -588 761 -40 -201 -99 627 484 -931 106 249 -281 50 16 -488 -711 731 914 -321 413 -640 271 86 420 
-410 456 -40 -308 660 765 898 901 -135 -342 -631 206 25 -620 649 914 928 -74 357 -853 784 823 -53 -336 833 983 -875 -999 852 986 255 -848 242 71 -837 -518 -194 617 27 708 409 854 438 -114 597 895 318 -974 -291 568 196 -134 -390 92 -935 -146 -343 -171 -877 250 -369 152 -882 49 21 545 372 805 17 660 -725 -926 933 -884 91 639 877 -643 -601 -729 -958 143 134 5 472 -705 -409 628 -407 -996 520 255 135 431 -582 -805 638 -650 -85 589 
203 784 591 810 -452 544 -303 481 138 -322 -655 484 319 422 -536 352 631 -181 197 531 548 33 -557 59 -846 31 -129 -438 450 -268 -235 871 916 -810 49 -223 882 -963 276 -481 -424 -723 -100 -343 -592 -537 164 -129 968 122 315 -428 214 299 328 -824 -576 545 -871 -506 212 63 -354 105 -391 -548 826 -643 -190 283 916 922 331 -987 324 -564 -656 -819 -688 802 -830 714 -331 70 580 840 -942 386 -91 -390 -83 -996 -371 513 -339 23 798 810 -570 -191 
927 964 -279 -401 -387 755 804 749 861 256 -987 -165 838 758 -158 628 531 -755 321 750 -616 -197 636 590 -773 -849 -325 -456 -966 742 -551 -586 -938 -49 -783 316 -910 984 -927 -176 -201 -659 44 351 -234 46 -520 -945 -141 -967 -233 114 -293 708 -653 651 579 -591 969 -117 617 431 287 -524 208 -303 194 134 -31 -611 -342 -87 505 -754 -551 -568 533 383 115 424 -728 -863 8 -332 654 665 -545 653 -533 -36 912 470 -324 183 619 -270 -551 -168 -921 487 
223 -849 -721 919 -85 763 -311 219 933 -664 861 -8 -415 306 -296 -264 924 799 152 952 -373 453 942 344 -786 946 -667 135 -868 -307 612 -969 -53 -241 -879 448 -46 774 -243 -211 464 258 247 -872 -712 -530 529 -835 389 -757 818 242 701 60 118 727 -94 701 -600 537 -159 -576 282 166 875 241 -751 -48 -574 35 722 623 818 -779 -115 76 -330 101 -929 -35 411 -87 324 -898 659 475 238 -509 660 700 222 990 -114 -340 -902 -347 678 637 180 -255 
-712 -311 -232 284 888 -161 -89 -586 -943 457 -333 -294 911 -414 -876 193 259 64 118 392 559 218 -6 90 -858 112 82 99 202 336 -812 -662 992 -863 27 292 517 -412 -598 -397 -682 951 -620 -186 653 698 -781 107 135 -186 -157 -558 143 708 97 -457 -641 -558 -727 849 233 -269 526 -681 -457 -498 -253 -496 -679 -426 685 -105 545 973 93 -693 221 -47 332 -905 -446 -158 388 306 895 -273 -474 937 -293 -558 589 -145 92 285 134 299 824 905 262 -645 
-516 -34 -201 -186 -91 -942 -360 899 -267 833 241 -175 -330 530 826 -929 168 239 -576 -196 497 -714 -241 30 123 27 -478 -269 -50 149 451 -330 -786 138 -251 496 959 838 -602 -519 -702 -526 882 -793 -399 -128 945 -625 891 391 -477 279 -836 606 1 496 -445 24 -853 758 786 175 -354 -896 926 860 358 290 -897 824 -60 -234 239 263 755 -213 728 -335 -857 919 -881 314 994 876 706 613 -837 245 884 -776 337 -223 -712 -829 78 453 91 832 -340 507 
569 -100 -640 576 499 640 -636 -454 792 16 476 -995 -686 -857 295 -396 149 -754 771 165 387 314 -396 21 -495 597 206 481 -403 -274 524 633 -808 -414 178 96 -481 -424 100 -842 372 348 970 40 223 -631 -46 585 -145 625 -646 578 -488 -143 343 803 -616 994 -627 51 -973 111 192 -711 -699 -344 -921 -644 -754 -479 -261 638 184 462 773 435 -565 796 -759 945 -281 686 -340 386 668 -760 -594 690 -673 106 -477 311 491 -625 -490 392 -365 47 -556 572 
906 -830 -743 783 -659 942 588 814 805 -793 756 831 -461 -268 -695 75 929 -199 -425 297 -361 114 -548 955 888 -426 -860 -29 688 -86 -585 37 -168 156 -893 327 876 654 444 26 -745 -837 -573 -384 -7 -472 449 294 113 -715 821 159 -549 946 753 -890 604 766 236 -324 253 -302 466 725 562 873 -64 709 -378 721 -857 -325 -165 107 671 -874 -288 747 320 -74 962 -275 -441 443 -691 110 -525 323 288 536 718 -560 191 103 630 391 233 710 364 514 
-487 675 910 -161 509 318 63 175 -189 -997 -682 -192 -273 -313 -260 -724 810 -418 319 -21 -563 16 618 925 -931 163 842 152 -922 -710 -790 -462 265 -648 -521 -775 -297 443 776 -43 -459 546 -437 69 688 986 -53 167 -407 -276 -697 18 501 -553 -661 665 -670 723 544 -287 479 628 -141 491 248 -22 -428 -196 935 -613 -341 383 -82 778 299 821 -970 478 483 132 933 -218 17 -613 632 352 93 431 322 -590 81 -128 -275 -471 945 -351 -475 -704 -343 273 
965 -219 -8 -222 92 292 897 156 -94 571 60 -406 74 208 939 573 -541 -364 -220 217 -923 -222 298 -719 -301 428 -450 104 344 -119 589 -342 -964 135 -203 117 957 -31 505 229 -520 581 -958 -519 -692 159 -446 -342 -756 -219 359 -670 308 -554 -14 -777 513 63 535 514 -469 578 485 556 880 741 -400 554 -932 262 10 813 -154 413 469 -984 114 -204 721 584 -643 -797 -780 -869 13 926 550 -365 -47 -765 -319 -2 93 968 130 -493 711 -453 607 899 
993 768 785 760 -696 806 -601 266 274 93 -129 -460 395 327 -640 588 832 376 279 -979 -462 144 917 -443 673 153 132 112 785 596 -374 -587 -648 -592 -670 -364 600 148 -442 -716 -184 738 172 116 432 197 -841 982 -742 -179 -238 -795 923 -427 713 -29 -174 -525 -611 961 -526 -710 -122 -694 -146 702 871 541 233 -653 -262 -567 -430 -445 -133 72 505 208 534 403 -696 660 963 671 186 -787 95 -435 -262 165 -275 421 -752 -902 -716 748 298 -972 -154 -2 
-862 993 314 164 773 -825 -940 -332 662 -13 501 -886 -234 -345 -905 -564 -118 47 352 -540 114 -886 17 -738 170 -440 -362 417 -46 695 -772 -983 -574 -632 -972 601 -318 -5 275 746 -443 529 -769 -256 -868 45 -372 105 -867 -182 -193 414 -231 702 -795 -905 -726 -236 -111 -195 812 -226 -499 0 374 -421 159 882 -135 -550 140 -500 -98 197 -838 621 116 -115 -734 383 -900 106 -895 513 206 -10 552 943 -551 159 -729 923 -998 -440 -541 -188 -255 -749 811 -466 
831 -505 935 -545 -321 646 -232 85 -923 -409 31 -310 -261 -29 -797 421 902 254 -250 59 -955 -910 487 -167 -560 465 136 102 -622 605 57 -961 868 754 -182 369 440 466 436 726 -704 423 751 -500 -686 -769 494 -280 -531 63 838 341 -584 -985 271 -325 728 -920 -806 877 -650 -264 -533 -281 -948 -611 941 -272 572 229 593 -553 897 471 343 718 -737 -399 -193 698 980 -64 207 -670 -483 501 537 992 -58 -948 -582 985 523 -945 -683 800 -267 -357 -536 528 
-671 -570 -186 -377 603 957 641 704 97 -864 -797 116 514 944 -77 -537 -831 428 -18 -142 -588 -201 -327 -545 -689 366 -175 -687 287 -190 -537 -997 -321 -971 -81 278 143 848 -390 155 281 879 275 -175 343 -599 588 -876 -615 712 447 -743 -865 -34 -172 246 -143 -734 -545 -126 235 -886 224 482 -497 463 576 -922 498 886 634 -307 254 -983 390 339 600 251 -545 350 570 309 -11 487 535 -699 641 -328 702 -675 -557 -68 832 -504 -80 995 -977 -970 651 421 
193 -882 276 58 553 -180 325 -414 119 -971 -400 145 865 818 421 -309 268 886 -195 626 633 172 -8 539 -236 -8 385 211 678 674 19 -712 -641 774 645 -63 13 338 312 53 -494 788 892 -126 -402 720 674 -112 -359 372 -499 786 214 321 -353 719 -97 643 930 635 509 -656 -955 403 319 -339 -816 287 446 -302 -903 657 -236 467 516 995 -782 -669 971 631 447 530 424 -945 39 -597 -623 -238 819 -314 -624 957 81 622 -13 -69 828 574 -825 -249 
20 4 -838 -695 -206 804 870 -439 -852 93 866 165 958 205 -123 267 -18 -901 221 -775 302 -209 777 -352 -974 -815 701 106 -735 699 -293 -187 11 519 246 -296 422 357 959 35 -493 -204 503 -695 -124 2 230 -947 67 162 -94 271 -952 351 527 -434 -674 214 -905 -975 520 864 -516 865 178 998 -895 593 -16 391 355 -423 -728 570 -115 -841 -762 -483 923 75 146 160 958 280 -295 406 463 492 549 425 -850 -900 620 372 -791 -404 -416 612 480 203 
-973 -605 849 433 -148 590 253 -792 -868 445 994 -705 925 417 -206 112 682 -361 131 906 -792 952 -366 52 34 -46 -945 485 -52 702 -393 389 -950 643 -124 -897 -587 -483 -283 759 501 147 -91 -965 -242 -266 -353 366 856 741 -621 -727 -442 -406 874 437 -405 -51 -620 -417 208 706 96 668 -39 -304 650 808 205 -271 -631 73 521 -232 -706 -501 -364 -678 -390 631 -990 -188 669 -858 37 583 -783 760 -454 -562 293 -350 929 -658 724 63 886 -686 37 495 
586 718 621 -417 861 -524 -712 490 -864 531 779 -375 675 -495 -385 621 -161 16 -742 -337 -133 821 486 -827 175 -845 -543 -447 542 681 -951 782 -938 -405 -795 -976 -693 -43 -461 764 -153 -616 187 -328 278 -892 206 986 680 -594 -505 -811 347 958 517 -584 886 327 -310 -27 38 -955 -91 863 74 223 -133 805 -544 646 -673 628 543 -340 114 905 753 929 688 -24 112 494 990 -20 -36 -667 424 343 645 -970 -183 105 -915 642 -355 -485 -423 304 498 258 
-943 -748 -125 917 -750 330 -637 130 133 387 -758 -392 607 284 583 -570 149 713 118 950 -376 -369 535 -274 373 759 544 -356 -846 368 191 739 493 672 142 -933 -970 689 -80 -384 485 -123 651 389 341 230 -501 -789 -126 826 916 183 483 -608 288 -138 230 990 637 71 -101 -317 510 -82 755 -543 -637 251 382 919 -588 -786 -847 564 -732 355 496 -262 -178 87 169 -133 209 -981 -879 -464 116 -668 607 615 -618 -104 -819 -1 -943 168 390 37 -860 578 
-494 -575 -883 413 674 -922 356 818 -534 -195 -756 308 -787 146 282 847 -700 -934 770 -131 384 847 622 -693 -684 708 -286 -819 -492 -443 -369 419 410 864 722 56 159 -275 -945 118 -809 -32 775 -873 -975 -74 480 -909 477 111 610 947 -615 979 -668 251 414 725 164 450 226 301 -278 585 743 427 856 -854 -562 -131 799 264 927 -478 249 254 -338 -701 877 485 977 -531 884 770 783 -587 311 -779 -866 371 -586 -591 -376 -196 -394 357 193 -897 -937 -872 
375 -645 849 -472 609 726 -628 967 -135 -425 -250 -626 750 -761 -272 -326 372 821 -212 603 -66 -781 -269 -60 601 -257 -473 -529 -782 -946 -77 781 -442 -932 -569 837 -443 -270 331 255 749 128 820 -103 723 -985 -781 239 598 -539 461 -747 761 -656 55 262 -659 566 405 14 -444 577 -153 988 -652 -232 -76 -307 -260 -951 68 -846 675 30 210 -344 434 -76 37 448 812 136 -841 -907 772 -963 906 -136 -187 -101 396 -558 670 611 831 -765 -778 -210 957 159 
-499 -480 173 230 448 -518 -234 820 -383 -715 -568 -105 -668 -571 494 571 -826 183 551 -755 -782 304 -635 135 239 678 970 935 957 559 414 115 957 -638 -826 430 102 -846 887 174 -491 331 243 550 -103 -519 -530 55 -646 957 -580 -964 -997 872 867 786 304 558 -615 967 890 -351 345 42 -634 -417 -319 -21 248 -75 -728 537 -968 179 -16 -73 -96 -144 -970 521 -90 740 822 -354 -87 -647 281 -75 622 116 923 -351 59 675 -428 928 -188 -179 -10 -603 
265 -732 38 -501 370 237 -35 515 316 -18 -863 16 757 472 270 231 605 379 79 615 -521 -772 495 -679 663 999 -920 975 703 577 593 651 268 -613 696 -745 -362 532 124 278 738 388 -8 956 113 -894 -808 -9 -319 -927 417 -376 543 -954 -464 735 713 -779 301 98 41 -812 -400 -89 -208 -974 285 753 -432 -593 881 -903 -326 109 -679 -970 -570 310 -25 -29 606 632 -292 -664 -643 -505 246 -665 -154 -463 554 -459 -895 210 742 339 -503 690 499 -921 
886 879 423 -496 -814 -37 444 -604 918 370 411 -976 -114 791 -887 -484 374 -883 -590 750 -280 247 -802 -969 249 -145 -451 -119 533 180 -356 -746 942 -376 269 762 -309 -444 647 487 -365 -692 128 402 -118 459 -906 245 301 -393 110 -984 740 -432 720 -290 -366 -206 157 935 -746 -91 598 -96 275 14 648 278 164 -777 -671 326 198 461 -453 413 -979 519 -350 -938 -143 368 451 -414 329 -902 -836 877 -809 348 -899 -898 -93 -431 814 -761 581 853 -693 344 
948 5 829 -920 -184 -987 250 -383 -686 318 186 -597 256 967 -675 969 45 164 121 -266 -217 -850 211 279 550 -975 426 132 -868 903 -841 711 317 -64 694 708 -334 -405 65 -598 349 751 -678 -126 403 845 -501 -575 409 78 -289 254 -644 343 759 -257 261 532 868 779 902 -323 -451 -95 -984 -160 -607 362 597 -285 -83 679 867 -873 820 -554 249 -236 -584 617 -850 -870 349 -376 732 -556 -67 -68 931 298 85 942 -303 752 517 841 -613 -218 -765 674 
-245 -503 59 788 99 -347 -481 -650 -341 -106 -25 240 65 720 822 477 -522 -309 -819 841 -206 -19 -299 681 817 685 -660 168 -882 -632 -771 -655 248 406 312 528 -165 -28 805 -885 596 980 -175 -16 598 740 189 -225 356 -675 -477 -516 826 943 216 -47 631 709 -652 209 -157 -497 327 -864 309 625 562 -803 -501 53 -695 818 -572 -366 479 748 403 232 90 379 -715 508 -159 541 -376 816 26 -770 307 203 643 620 583 -137 -270 611 250 -332 -357 -852 
-875 -651 -488 -992 -911 818 886 564 -943 -541 352 -959 -241 571 214 -782 -704 989 -897 247 777 295 799 527 881 -590 -982 -925 -453 -770 962 819 -218 702 -918 -410 -18 -679 302 402 497 176 203 -114 5 -143 -64 -442 -608 -178 97 -642 -791 615 -53 -860 -424 161 119 385 204 -814 257 0 41 -310 -172 832 -638 -204 851 397 -219 -996 -236 -361 524 -852 776 680 533 -835 -920 654 278 248 727 -997 783 -850 -890 938 138 -423 -11 837 444 -404 -164 103 
-380 989 380 -601 437 566 834 956 482 633 -295 -87 -979 405 -288 -393 198 -720 842 95 540 -306 89 -150 -896 636 779 -448 761 -470 827 -235 58 -402 -345 -2 190 -107 -873 -566 -158 -613 -151 203 -390 -527 185 609 878 -112 -880 475 539 -461 37 -334 470 -358 -713 -224 100 -1 -115 288 76 -997 -563 638 498 453 175 841 -299 422 -883 500 -283 -413 -414 -544 -606 373 354 -105 -827 -270 56 749 -886 765 -132 920 87 707 -328 812 786 782 -276 -624 
-501 265 -681 596 -543 339 -182 -725 829 492 475 -486 -469 723 -338 820 -427 -330 -124 569 -455 31 224 -672 -820 448 -985 -346 -695 -182 -356 -621 -675 -162 537 618 -423 -857 -694 630 723 456 208 921 689 705 -660 -101 861 325 261 70 201 -641 -995 -801 180 473 -444 923 957 794 -947 -874 -852 997 -247 -450 -948 -849 41 -829 -504 607 -506 -499 746 280 26 787 -522 636 -855 -977 -832 524 76 39 676 -950 641 259 -604 -246 691 785 906 -237 -582 357 
953 653 -656 -516 955 -833 400 810 927 -589 570 -333 -951 -29 684 38 -290 224 930 -359 960 220 -823 199 631 -799 643 -309 -687 -649 519 950 -533 696 63 169 -167 -468 94 -823 -815 723 -1 279 -289 902 -299 136 -920 -139 246 667 -582 506 -798 975 -64 607 831 289 727 -636 -857 -993 787 -773 316 747 -441 595 -738 -668 -557 -53 -385 724 181 797 104 774 828 310 -371 372 -838 815 -842 516 -799 288 -741 210 380 -860 447 659 -135 970 222 -482 
520 559 627 -93 -744 -809 423 -985 683 -597 905 838 980 522 718 977 -340 -84 -959 -340 78 -377 301 109 -904 -832 493 -378 -852 -968 -313 144 -475 -448 80 702 694 -911 -748 416 -89 -709 1 -33 581 -916 803 116 112 -256 243 -517 -692 -270 816 -781 569 366 -852 -16 -70 178 -211 651 -579 324 578 -148 -955 -217 -386 -972 362 869 -71 776 132 -137 -65 144 -780 -98 822 984 620 -497 -414 -20 -798 -584 -239 -571 -881 139 697 983 -860 41 -413 442 
-558 -627 40 914 -687 520 870 -115 -823 -850 596 847 897 872 -456 734 404 857 -71 -664 -748 962 -224 -713 681 -407 744 405 657 48 864 -279 931 -116 -454 -453 660 -170 400 -444 472 155 636 -42 133 -828 51 808 -100 608 84 681 866 -788 693 711 -147 616 783 952 -295 -657 396 -897 -679 -348 -846 816 -271 -762 -300 -566 -373 -961 453 -991 -711 544 -75 -131 -469 493 -340 -63 20 612 474 255 984 -291 -959 792 172 777 -987 -863 -337 558 -622 387 
140 -919 -204 -138 258 -817 -130 92 -184 812 -968 418 343 -67 -300 -83 659 -991 -702 815 569 -240 -556 -591 -119 -174 19 -521 -104 -306 -973 296 -304 -938 -563 565 277 722 209 -235 -74 473 334 151 138 -760 610 -865 953 139 990 -776 52 212 -649 133 -693 330 -466 469 -775 742 -279 19 787 -646 522 -964 -717 821 -762 -682 697 -247 -485 546 62 15 -650 869 658 823 -789 -599 297 -580 -970 69 -265 -274 817 373 -841 901 -846 144 -37 51 912 204 
290 879 432 -290 138 263 -624 70 866 908 644 -48 -139 155 -185 -332 -789 277 -906 -888 309 -25 -141 -222 285 -859 620 82 689 538 957 -19 551 349 -18 14 -210 345 -421 -100 586 695 -738 -623 -362 657 861 833 536 -167 -300 -713 -358 559 909 -642 744 762 -799 24 815 803 910 -563 191 857 2 -981 -908 -553 -838 616 696 -994 -498 -681 -264 356 680 993 116 -153 -300 -846 -99 559 -640 -947 -86 212 328 684 580 -357 -335 518 612 349 -741 -637 
-107 -194 -204 -998 -74 -910 -576 962 894 -215 -116 27 -79 -599 775 -640 433 538 -485 804 -270 231 19 452 -321 -963 -448 -847 -744 91 183 -338 -172 -141 575 422 -499 731 -366 -971 515 -776 458 418 -331 460 -132 820 723 -509 -725 368 162 -870 877 996 397 -600 225 -169 161 -437 342 632 568 539 711 -937 778 321 927 331 111 233 685 -592 498 508 -36 -633 159 411 604 -919 710 -29 401 926 290 -894 337 554 385 31 306 713 -939 823 748 -468 
-61 -514 -141 445 -52 201 606 0 881 -459 -939 -867 -672 189 933 553 -442 944 -454 264 -804 599 -262 968 -73 -607 -802 163 825 -496 735 -94 -655 -58 512 -609 -510 -666 -619 -570 860 960 338 857 552 155 -357 927 -231 785 -912 532 212 -758 542 969 616 553 -260 337 391 266 341 368 -286 224 967 -946 -176 -810 -629 -708 6 340 781 412 -646 158 -415 808 -208 302 999 160 -222 998 84 304 -593 -280 993 80 176 -240 -382 -100 219 578 -824 -562 
