-3122778 83121 -2281313 -2788718 -2040780 1476903 -6306265 1552476 -2318441 3322938 -707062 -1064141 532265 565117 3082604 -1746544 -3554524 2836724 -350428 -167129 2319400 -604253 -717625 1382425 59179 -2641194 2229731 -2934415 -1951557 1487156 -1693579 -2737021 -1799480 1719372 4796191 -2548166 -489011 3691796 1269334 2716285 -324133 2625180 2665914 -258451 -902431 2311289 -925651 -3606008 921394 -3175349 
533992 656352 -3074 707391 -1059453 1085967 -2221688 1635709 -376134 968926 -1192492 447391 -791243 424561 2248744 -1256940 -5823863 -2038547 371745 567381 -2454871 -1458255 -2507604 -697140 485156 -573965 739182 -502280 459479 -3798503 -607458 -399565 -1042757 -2657261 1691645 2111292 1255019 723757 -4455722 -681529 -2584704 -1055592 -3072595 -1502061 1783835 3276812 1247089 -3115098 3331895 1257642 
-2302428 2339415 -2994158 3271788 385402 1961474 -1648821 464702 -133192 -1801426 1247883 -2607149 -1722194 -2410004 -495970 -2490150 220456 4506999 -2989622 1944705 3030161 992980 -2280534 2680128 -643378 805205 4115748 -2427787 3781596 -2226961 -256496 879494 -2326624 1910192 2461147 -1335682 1599057 -75036 -3222397 -810862 -2391596 -1415769 1163213 -2702107 524122 -1669338 -643559 -1009547 2905233 -1942905 
-900045 -2130198 -254331 3863309 -2114804 2226941 6227891 -2113127 1506244 162899 1637861 -5773667 -1825426 -2280790 561812 -2970580 -393334 219374 -4342949 -2171007 -3710643 904953 393480 2625934 2955579 876040 352455 -1470573 130871 -185881 2948767 983906 550983 393800 4840789 -1305383 -2858358 2133293 5425417 -1213137 -3288246 1878754 -917855 -117118 813054 -541936 -2355350 -1696144 1874019 -4466463 
147933 967656 876454 -2612408 -2516974 -2416915 1356162 -3922598 1007322 931660 -5998649 4129658 1790277 -3694621 3278328 3009762 1288391 2488027 -403441 3415343 2486677 1772929 875191 -5021267 -122626 2617701 -487449 -4959013 -434878 -4580469 -2944176 3125476 -3045998 -528768 -213070 -4888727 3742538 2037019 1059488 2239176 -624571 1210857 -7196628 2878962 2062031 -2522100 -3035915 -1148453 -1648090 149632 
2837671 -2112501 1987776 2691958 -755545 3357722 4389140 1001156 267029 -3037670 2016587 2528073 472592 -1846439 -1809142 313585 1915777 -2191198 2045993 -1045241 -3965054 3024636 3411042 1631960 281044 1179280 1777878 2108203 3047068 832874 -344340 3439065 -1867561 -2539740 -4133692 -527093 551321 -2537016 7916760 -5753 -537467 -243150 -951319 438212 2416462 -650447 1262011 -1327222 -2651991 -1607039 
-402406 2383765 93835 -3408332 2558667 -694755 1441217 392183 1139212 3685398 -516860 3329240 3097079 324358 459920 1089461 -3492561 56412 -529564 -71295 4181397 -1020631 -3043168 205842 218271 3103347 4630397 -1005663 2149666 -3203759 -1915019 -2927479 169026 426315 -1771245 -1897068 -11450 3316641 818368 667861 243158 -3077785 2341369 1104069 352719 -1257913 -557375 2805787 82265 -5156630 
-1970138 2366351 -1902397 3296424 -1630279 5670995 -3641023 -2815463 -2882179 -5507365 1754409 -1992588 -1480240 624275 -639600 -2660704 -2070354 -1062879 177503 -764821 -1784769 1860047 340047 2560455 2760591 -435264 -1569160 2228694 2048064 -1481483 4348009 -2128262 -1659576 1808952 1950513 -497825 -1620551 1642682 -1023222 1849081 -2129150 -3130290 2271173 -932037 -1987448 -117676 -522525 -4252052 1165356 -27721 
137050 3067517 -1242723 14780 579640 -1293435 -984831 -2761753 327177 -3259236 1334212 -4718359 -2368850 1327029 -935788 1596464 553039 4572446 2192115 -1735201 -370950 252101 1892774 -2364976 3598290 51609 -2336857 -915870 4756500 1220232 3378550 3383458 862404 -1389148 -88027 -4483523 523547 -389231 -2806349 1442615 3625697 -2402095 64348 -1929895 5920254 784337 1821871 -4351380 -1885267 3046875 
-1126325 4756917 -1096623 4011896 -190297 523654 4906590 -2424043 1168412 -3409926 5633365 -4019181 1272571 823266 -857515 2984262 463652 8538224 -186041 -1132330 3672644 1213176 5043957 -1217301 1054833 -83193 -5283522 -394551 7084163 1042779 2460571 2941522 619099 -1515623 4104423 -1161788 -2538177 -666555 363807 -837224 5085420 -2804806 3736522 1335939 -2322043 -1386044 -2638065 -1600724 -2519989 1330345 
1607455 -1737547 -4132425 202877 -796423 928296 -4286103 4208312 -170191 -2002015 -210461 1952877 -1780569 416545 -2546793 -2164326 873164 -838660 4666075 2536110 -268620 1178179 424900 3045448 101328 -4019440 998272 3280670 -255457 -2448383 -3089172 -563665 -1602126 2420838 -1356946 -3825926 -815491 -456090 -1355516 2390755 -4796009 727130 -1529873 -358558 -222894 4334768 -5800567 -649449 4383581 1852976 
-1496099 63822 150273 1392856 305318 -321526 -3106949 -1390619 -855860 15530 -1077060 484586 3484511 -112409 -1934081 183981 3097247 -1570414 55652 -1355230 2530313 -728866 -286012 6281728 2461369 1142999 5032809 1357162 432646 -3391927 -2493820 -258004 -1120573 2068919 -4641505 -1588727 -2512273 -750846 2065267 -376271 650612 1644741 1152528 2504329 1478294 -2554527 1336608 2267908 -494539 -4447772 
-608223 -155150 3464922 5204502 1074354 2322718 1769683 -2637984 -407485 -2055095 -235440 -310451 1462302 -7452034 -365251 641214 219210 2274027 -538379 1110757 -1649430 2135877 791439 -2624380 758704 2347366 2733660 672674 2972540 -1438779 -2284415 1565233 -396939 -2527831 300360 1936118 -428648 164948 1707754 -3443707 291145 -478296 -3046065 -2013902 3112711 -958683 -2657828 -3872295 1560924 959738 
-1123618 -3367238 1196091 678047 274810 -1627034 -1910593 1083922 285100 1339721 5306918 -1486531 2399358 -2406589 1524511 1029165 2091418 -2140337 -2992286 1675422 -2092304 -1240774 1644929 1908159 -686077 -685439 1237640 2082407 -483613 1345135 -3843607 850317 3022083 308671 1042487 107448 -2696240 -62455 4654859 -2203103 2304020 4441813 -1318494 2742853 -3548456 -548565 384391 3552854 4848654 -230705 
1470330 1695976 1659826 1201402 1726776 -442821 3759548 1659211 3835203 2677889 807403 1662790 1690729 -28082 -978109 1694263 -713300 -2035029 -1702314 3364645 461846 3954572 -390883 1427926 -1953381 -587475 -2690278 -109853 987034 2345177 -596866 2374183 2447490 -1507455 2038347 773335 398319 2018522 77618 -586058 1206891 -2021799 562674 -911552 1809699 2157988 745457 -964158 4089468 1561296 
-1900726 1327029 -2649439 272390 -1715452 393607 -813534 -610584 -1000908 -2362234 658372 -2860337 -1707227 666038 1661430 1072380 116021 1314260 -2232249 -943286 3335961 -450118 5190941 459535 -1540068 241456 -1903857 -460178 680475 -3579705 -2470476 4231461 -2734054 -1791501 1592011 -5430633 -1504674 -2905268 2603210 -446148 2387569 671318 3148835 3139851 831542 2654852 -1966299 -1658995 393584 -112724 
3013461 -2470583 1091387 -1363849 1244957 569359 1917489 -707774 4307450 -827059 -3144508 3499609 -195496 -347555 1301647 -1779170 -847093 -2217716 392138 731969 -1690177 2945013 1368281 -1718085 -2786379 2002345 65480 -651602 -4357685 3201443 -4014949 -1540382 136555 1589152 -29452 1066027 3761396 -833691 -1155010 2056911 -2550567 1689336 -1363760 -1444024 -542508 -1710841 -1187283 -3135176 1336468 2830720 
1098351 1915438 941519 1813365 -3857517 529939 -876813 2174908 2558300 -1185103 1730740 -837221 569756 4047834 3799815 -1386861 -2766350 2323082 -2129694 -238483 2632197 -972007 1627194 -3110657 3505560 -523411 -629557 -1905553 -950443 1082383 -58508 1864539 -1161483 -423211 6593633 -722168 2241379 -2221123 -3947125 -84213 -1450768 -1054919 563654 -50419 -2320948 2748651 -2104709 -2388374 1649429 2933539 
2978459 1518908 734546 -2021848 409038 6427988 -5494319 -4666161 1098185 -1773712 3272488 4471414 3225262 5673434 1049195 651629 -519366 2493310 1512095 -2037448 1772977 -1384323 -507555 643506 24976 1771463 -766078 -163440 813571 -1750428 444203 -6128495 -3935814 5374426 2266327 -1416347 -951315 -5027790 -2836879 143738 -198598 -3707439 3579146 -2878486 -2566356 -4650933 191612 -3836076 537134 435248 
1419589 -2740667 32551 -1426499 1798495 -247951 -2518456 3745037 377945 1469404 -1809886 3158492 925880 -730573 -2420912 2906510 -2326569 -2403843 -443005 4791587 -2872299 1584404 -2147860 1748655 -3320577 -429363 1230503 927383 1741676 -1596151 -4668574 -92849 815584 1324958 -1163457 1723720 -2816891 2223565 -1849418 918844 -25793 -602996 -2706890 -335784 1410830 3023736 -419051 154313 6039878 1746823 
-2573212 4492854 -4359041 972356 4744294 -1396020 2237565 -761925 1517203 1377773 631811 402206 1707585 -2033397 30604 3969702 -1116172 2866522 749478 3322537 -283632 2394212 2324801 -15801 -3426918 -2148759 -713187 3314023 4994414 2661114 1789713 -1056827 4936543 -1798548 -1053730 -639737 1104763 1357468 2758805 1185403 2703681 -574277 4452667 -1313441 1709550 336398 -1828692 1385461 -2774774 -482609 
884520 1845862 -2857441 -2262408 3039725 3724885 -3136073 -1567210 544324 -1245485 2296025 -1026826 734059 -990998 1435582 3275069 1414785 2062641 2056529 -11570 -4537620 1824944 1064569 1503151 -253551 -2536562 88237 1229468 -302705 2940602 -4550098 -1345605 -601113 4268052 1169037 -3300844 -1237512 2967773 4136988 17346 -732982 2185896 -532409 -2032050 -2519962 -2996179 -4812 -2591155 6618931 2612885 
-866538 -99721 2650805 2485899 754093 2609490 2958633 -532243 -1220389 2102630 6473846 -134039 -50340 -140186 -208940 3912977 -1599685 945654 -3012821 -2381251 -2615168 -4215826 -2582623 4174296 -1975737 861423 -2769823 -1008774 4685819 -4244970 1606916 96498 -969854 -466478 4021055 3055909 -1472261 -3339104 5401997 -2021192 5788839 -3333233 -1045820 2760443 -1957246 4260 -823662 767205 251253 -644030 
3476491 -382395 1155185 3675274 -173405 188639 2602511 75547 -1289839 -2379560 -1580899 -2940965 -2016624 -432805 -1919277 -623660 3726844 -3515416 2387564 -2223057 -3137649 446821 -893997 1300680 4930636 2618919 444711 1530364 -28156 -3001824 3906297 2821596 540027 -141724 -3592064 1365435 -196621 -964350 -1488838 -796663 -1720846 -1991522 -4148484 1206075 1722776 -1697257 1536496 -665117 301584 155207 
-1810834 884191 -1810578 834841 1710742 -583264 -2680205 406752 -596156 682305 3688579 -3264059 -1153903 2978868 -934950 4223351 -2890263 4295041 -463210 429756 461950 -755650 1939459 -258810 -762178 4087436 2569151 -401656 3114717 1288138 -1636674 2435640 -562285 -2844932 5719110 -2277908 293062 -870240 -671379 -2432423 1563858 834874 -316041 1076950 2441196 -65549 -1354006 121802 1147901 752668 
1214491 -3997279 528034 -1957533 -1322432 -6214044 2133157 5565881 3198047 2240985 -1860734 -1501930 -4084291 315833 197456 3386278 2029040 -3041513 911812 1868299 -742961 -3030094 148024 -5229526 1055654 4350693 1453524 -2970102 -499767 -5242343 535021 3380308 1250634 -2140730 -3175801 2106594 2325209 -3268252 -3177041 366819 3887380 361734 -5767272 4778549 -2499399 4387333 -4596084 6099455 -1795054 4406273 
-3084540 2297328 -196503 3760742 1113292 -695169 2976900 -3511940 313254 303868 -1397580 -3669013 2410760 -3133783 -1925304 2401304 -95286 -344755 -4760701 674517 -421623 -2380715 -3792222 1387103 318445 857369 4081157 1937345 821939 -5457333 -311041 -4263448 2712040 1024658 1186155 468938 -450757 2225810 -441640 -344853 3570069 -3313935 -2257536 1784144 -668551 2473981 -211896 2470764 1586176 -1557170 
-2401785 -475745 -131308 2440104 1816561 2112616 -57835 -3626626 1820366 -4106421 -249636 -3305795 -1253645 199853 955895 -1491314 -155570 -3923927 -890355 2858860 498271 1100334 2009070 -2459671 380976 1865756 3879102 -215870 -2947946 -333278 4607505 -2569273 -3587058 1771458 2180058 1675203 2686421 -2685636 -2818705 229617 -116303 -1923575 -1013707 -3124010 -1859378 3847909 -629638 1216999 -1026095 3287658 
-746787 -1368025 -593127 1803062 -608541 -1313371 901769 2330966 -1511121 -1029711 -3728573 -108943 1234023 -5582493 -667820 -792553 1616955 1641295 2021872 5427141 746864 954448 -953714 -1502521 547971 124155 3779453 1855363 -1099278 -1456925 732552 34918 159807 2722718 -2087754 -2521743 2072035 -1147813 3504965 -183977 -693284 1031497 482449 821520 -1926236 -906802 -5814551 1785647 -2173642 -3013904 
-1107806 1272682 -1128016 3539494 1012834 -44570 932575 -2404802 1134306 -1222263 -2034432 -517526 1134312 -1325400 -2007259 196789 3417660 -2369838 -1853694 1949808 752310 -842963 -1892824 -1166962 2404184 -395418 -530120 -1229824 279529 -3207483 669225 3387671 641120 -1515746 -1442541 893618 -238094 853452 -3085559 4838911 -341275 -3441650 -3309700 518525 1825839 1434799 2109787 -975864 -2811689 -3482357 
-2075044 -716364 -91237 -3024443 -4080893 335828 90411 -3602941 -1561427 -1552719 3915724 -1522515 -356666 2735902 -604133 99190 2327140 341443 -313315 -1644460 2020109 -2285080 2298015 -1104188 2446989 2092253 -2419027 -675465 831681 1597783 405776 -1564707 -107020 -654228 -321651 -3250685 234416 -2485838 -108115 2453422 1131696 -2498468 -662796 3752800 -133555 -865799 1152781 1571036 -7827889 -1884704 
-2260369 1563267 979213 2720949 2264848 4696802 882393 -1987809 -1619079 199248 -260398 831645 -945623 -6827525 244784 -746101 -2020980 -456875 -2293954 -1575978 2141736 2124433 -5176040 33047 2370756 -409181 5686565 1153170 1897316 -4232166 -118351 576896 -2991602 -1271807 552509 4600543 57165 2352154 3753857 -5353748 -3955636 -1755705 -402042 -460535 635082 -1477731 2530957 2117935 3288663 -4082975 
78207 8368747 108739 -2060663 57783 339116 304704 -4334660 -366156 3105313 -3519417 -285640 3218976 3037214 2820235 1697096 2682074 -4394749 -453578 -1536551 2398330 1046805 118687 1294120 -178287 46301 -1462426 1669577 -2292023 280260 -536192 160729 1679260 -2304632 -2123602 -2090950 -605507 2108782 1120846 2549812 1128827 -572703 132239 -1776439 450955 1139753 4343483 1233305 1865679 -487922 
1460043 686254 -2764157 -3814727 -194277 71868 1539118 -2839170 -1826527 5135242 198449 -1472662 -3870608 731489 824666 949413 2902520 1731399 2556465 585338 -2766972 1797681 1171380 4858437 -1335138 4132183 -1894010 1811304 1495343 1538193 3645813 1302113 1608069 -49195 -631882 2862600 2061469 -729481 2609245 3295255 131786 2452007 2634612 -2303940 -372716 -1948823 2119056 2685262 -2615272 -2951780 
-2699537 -1230078 -1972234 2330935 2415755 2554030 260662 1664798 1487965 -5293434 2177741 -1241689 -4203933 -524573 -1626266 -3916833 -3096424 -2788306 4408648 5218573 -1604236 -730864 1886500 3177873 635084 -3217189 731160 -2147582 263425 -2413924 -551183 218261 -5512619 3754773 1757272 -4181055 -810940 -1948309 -4085325 -2940542 -3217514 -3004640 -3393189 -3905159 2020410 739301 -5184944 -4445522 3526044 5766810 
-1816442 2016935 39815 -541217 1029707 1251982 -3225881 312045 -2017375 -1834074 -1396864 -1107817 -20835 -2226433 1122845 -1207912 -94786 719950 -1341883 720772 -2804562 -1549581 -4083842 -1279526 -1912518 -68720 -782292 3529511 1957207 -122889 -912808 878925 1762209 -4923804 945447 522705 2724990 -730811 1863059 -1339666 -530405 1317562 2548198 -1351412 2639918 -1662238 1969825 -1564259 -747161 -2615954 
-754264 147127 -2845929 394921 552342 316003 -1569751 2887858 1387467 4003005 1491020 600259 -1599707 -490492 -182032 -365170 1936672 945165 -1401195 21269 1271528 -1731498 -6446747 3640607 6214839 1604404 2711469 -5095348 1788969 -1358810 -859373 2112567 1008289 -463880 4019749 -3672643 -4259276 1637265 1750879 848753 -795866 -1539819 1032406 613829 248544 -3528869 -460034 -1542143 3160608 -4350229 
-1970843 1540377 -715892 -1324319 564041 -231817 -1768415 -1090002 -3538194 -694220 1876125 -760984 693593 829111 -858965 245218 1887026 1456416 -2004182 -1052568 1324992 -740006 -268044 -3002022 1755107 -912731 -2298839 90782 -2551357 4764976 176540 -275478 781299 5177792 1857938 -4513983 -4029178 2007056 1937520 759620 2975799 -2169052 1367857 3826739 -3563517 -4128516 1979289 -1207381 915758 -1499834 
-622329 -1061515 640899 4081989 -3534114 2048012 -268851 5132982 7018339 -214246 822414 2194817 1887299 5253713 -2753058 1983437 224285 110738 -441750 -373604 -1641773 -617475 -3319994 11246 435365 846723 -3155161 1626334 2976745 -642074 -5792966 889519 2612356 -4016370 198743 3520403 -1264907 1314829 -2283932 569343 -725314 -3409581 -609607 567639 572505 4039013 463620 -488663 3533824 3345817 
2987519 723261 -2840747 -2379779 1481723 -3030005 -750346 1573326 -2814634 3251149 -4088373 1516454 -1527967 -2233155 -2536422 -262775 806327 4441652 -11514 -2483450 -3032924 2614869 -3614152 2864603 -1538901 792174 -702136 1635692 1389501 2126711 193047 -3326320 5382348 -3492914 -2789846 -1643712 1054553 699759 525768 3533046 -1122929 21434 2758292 451052 2905409 -4007872 4138049 -3208682 -3762020 -3798429 
-3432121 -2148880 356566 1030039 -3352524 3108692 -946520 2821843 364 -5307708 1990513 -3021767 -2015492 -1165830 -677373 -1161413 -444291 -5755386 -108024 5146006 -746461 1035879 4238673 316945 1142332 1899694 -465267 -46029 -3714648 1309370 -1881749 2669274 -1972516 -683942 978147 -3504418 1309207 -1315299 1579218 -1943638 -1266413 178153 200411 1337772 306029 1735883 -1797838 422276 -1324571 1443298 
3114347 -283494 -1602715 -1236078 3701803 2014608 -431085 2971277 -2911039 567742 1349194 4778832 -3569453 2089118 -1119712 654563 -553322 -291172 2542570 2116174 -1641323 -38134 -2024575 823766 784506 -1364398 871324 -3493585 -276878 2524219 -1798472 213977 -2629037 3735236 2572056 -2513303 -2169451 -2644395 -3328702 -238731 -326411 -2947351 -2785598 -2573051 -372741 -397277 -240423 -4171676 787555 1336628 
-1651053 -1497515 -1550796 2268672 -1717417 -1218295 13429 321944 -2373433 -1564280 -356760 -5106466 124970 -1374598 -3193421 -2996597 3502496 -2009481 -872230 -1242017 -761744 -644843 1103011 2157834 2074518 -1890201 95459 2248523 -5864116 259355 -957 -1830737 874153 3546961 -1684262 -3464459 -2068562 -594205 322316 483540 -2850621 1904600 -460324 2649596 -2698314 -1338418 -4880596 1499753 45862 -1481403 
-512143 624666 -2846556 1687700 1336425 -907972 4379082 -86767 -1162136 -1820258 1269948 -1640932 -431527 -3963752 512593 3339933 -1524203 1211051 -837506 4226488 1446953 5778598 3249685 1383220 1881189 1383787 -762259 -1515958 -1896526 2567335 437465 -474994 140030 -553615 275017 -1629872 -1405804 -2121308 966516 719555 1732520 -4033891 845804 1386168 -2571859 -425371 1032452 -144963 -824316 917340 
2147678 473113 2842176 3458136 -1459431 4639462 160479 -1902836 1287618 -5885625 -371519 -1580405 -157979 106918 1882773 2550892 -2817551 -3401495 -1852099 -168833 1974840 775395 20498 -538140 4422808 4398284 -3181645 -3874477 -1169712 117501 2270659 2179758 -473418 -119787 3858768 -4815439 270867 -2771422 -2204019 -2216072 1904921 -4750344 1033680 -1634754 4220976 -658042 683948 -6345837 723551 4533642 
950385 470084 -1159290 1158836 3476475 -346571 -3859676 1665028 337581 -1003242 2162607 1512229 1800405 2253443 -3918748 -1628947 66586 1295373 -2885969 1078605 -455893 955859 29875 2984482 1663901 -749875 3175695 2092044 908552 1458327 -2922317 -2214661 -599255 -8475 2203232 3655593 -1819571 103076 -5540332 -2115245 -35417 2068339 -181179 666698 -4581970 -337334 309031 146049 1251042 -2139951 
1654835 331277 1847756 -1605903 1677024 2492021 2019460 2184756 -1214906 -1964902 3187355 508651 1302128 -1276129 534643 1655487 304910 -355429 3264647 2943879 -305006 2648401 2754146 -1971214 3507567 -1434562 1721188 -671611 -2621616 5711070 -2597452 1716168 -4634788 3789776 986159 -1674806 -1951752 -3146155 4582708 315750 -372557 -790767 2028797 -1612452 -3541641 1916677 -497686 401922 -725289 223269 
-1200976 1575473 -91846 3195637 -1397760 2390412 2506563 1342600 -3467815 -2649178 456538 -3284317 -1142140 -2262471 -1888048 617148 -459674 -3213837 -1772068 -2625138 729767 224196 -2771853 623076 1678906 -631186 -1755176 1369229 -909316 1302546 1285241 3183253 -514588 -588575 -1174705 1545504 -1296269 1786782 2786711 -2161658 -241276 -2263008 -380209 1734537 2319667 1299542 520976 948331 2714456 -1557281 
4342503 -1464021 2885814 1884138 -2738078 3946199 2345637 -556749 730943 -2083145 1848045 -1485809 -4013 1115700 -4265295 3063245 114662 2789900 -350241 -187010 -4704452 3637021 589097 3069470 -106438 5267241 -3294385 3226038 2874557 3685060 -584271 653150 1601046 -581014 2871180 -1258923 -214107 -1399960 3370407 -344594 79789 -3026759 869078 -570355 4539038 -819236 3582713 -3905133 1481230 272140 
-5071464 -1137892 1198968 3040534 2422112 -300551 1718653 -1460600 -1342238 -2852779 886655 -5111176 1448958 -1686524 -381569 2699213 -2885816 -244445 -623264 2548766 939025 670357 -85412 331056 302975 -92335 -1463679 -876420 290231 1495998 440392 488043 -1850396 -1143606 1759478 4682322 2930204 1087561 -3160223 -983622 2577922 -3039167 -3974687 -305889 -1751161 -2158508 2082974 2595234 727750 2349659 
