-269290 489721 659976 1248300 641662 724553 -1676579 -1381651 -693234 -59242 
-262580 -230328 213412 -1723010 -2212584 432802 141150 -554534 -553192 -510732 
-928505 -400609 -30541 -476823 -1634572 508923 -285207 -2213210 -776871 160177 
811891 -699979 -128481 -2084428 -838849 566891 -879151 -2621766 -1329661 -587144 
-2681790 -179077 -96444 81117 -1433174 677771 -401675 -1552418 841185 914374 
2383952 218090 -342534 627322 -231456 339912 116592 -324895 -913335 -624059 
-1076663 -916968 172680 -1345479 -904101 470218 -647889 -2304982 -539307 192820 
-616962 -737083 -180835 833988 464071 -404863 1007118 899425 183298 1572534 
-26065 -852999 -634696 207074 -608506 -671821 1598138 87223 44131 80207 
-1018789 676707 663648 -646319 109304 -421198 542519 1588960 985317 -711039 
