2141300 1773346 563323 4587700 -828787 -1024824 2351772 -2069063 325728 1294966 -1333541 -1539861 2205083 4373330 2635631 -5358286 1670444 620572 170550 5501687 4489906 -908053 -1892791 4040439 4658539 -6350859 -2300881 786670 292339 2887983 3200116 -1387040 -4856345 3402572 4217296 -3469636 2574801 4557486 1173826 -3375249 1892719 940692 -2879673 -867948 3688731 -3392402 683677 4972412 -488515 1158152 -4073182 -4934289 3531468 -2574472 2173613 1008114 -2856314 2044175 -2417646 1321086 1263894 -2224845 -1629796 1359215 -636867 -863655 2193513 3803747 -6599341 3447045 1960499 -2236846 -907041 -104971 1477231 -2958832 -747066 -1294500 -4117158 5391129 -5647932 -1184970 783329 -1186251 -2114896 4807539 -3670536 5603426 -5145179 -2229996 -3413040 -1517582 -3089781 4073060 2601826 -4876020 1984620 524357 -874972 3906707 
-1223191 -2151965 1717455 903351 -992949 4838212 -3916698 1314318 1208355 -3307782 -3599197 5797226 5918226 3196828 -1765191 382168 3743215 1899990 -3453920 -3248357 -4194986 7794797 -2736893 2278094 -2132395 932902 -2047556 1951465 -7837059 -6483618 3058737 2472918 -2439074 -3796707 -5761560 -4226658 2017849 3103299 -4148399 1520665 3943917 2729443 1267675 2641782 -274972 -4726792 4086522 2832300 1736862 -7766768 -850205 -601226 3125892 -4747088 3130803 5647278 -2045446 -5340193 -1510662 -4762134 -3844342 3847166 384412 3910044 -5624159 -1499481 2239953 -187342 1361543 63557 513286 5176133 4608262 -3903881 -1946894 -3326366 3092758 -2167663 -358103 -4767448 313565 -62535 -306570 3166713 3354841 -1552697 3660974 -1924367 -278613 -3183825 1500724 5918085 1316973 1768537 -3660770 -954543 -2809464 -2071468 1723646 -3919774 
5600676 -4452609 2513854 537206 1675998 5367478 2101793 -484143 -914887 -1888420 -1790400 -1032103 -5958272 1016517 -361948 5875342 1720891 3331805 -815874 -3343996 941536 2673088 1607 -3733884 1780582 3441162 -1878031 -5389 599712 -6574686 5528622 -1300666 1071439 -1120751 -679617 1739616 1997455 -635769 4787821 -2298834 2246937 1643142 1939180 -998237 -6896756 1271975 1856890 -1267175 -2288706 -624752 5341453 5216753 -940524 -1018711 529440 -111332 7509344 -2039027 1859223 261240 -26099 -3622398 -6278880 -5943532 -3524521 1053202 2104157 -2747014 7715435 1745654 -3794322 -730362 587715 1064818 2193563 2771180 -794627 -2349185 799988 4318916 -1216515 96109 5841641 5366668 -1251198 -12792 132851 -2415416 -3335967 2417450 6072143 2966285 -5479104 3298346 -5126429 1734947 1367217 4040030 -7361509 -6242851 
824676 -3674910 -556777 3126979 3405619 1791289 -1907882 1141083 2051602 -4778339 4032259 -763818 61029 -1878984 -135112 1873860 1673579 9096656 2765589 47468 -2184047 2578356 -602342 1741112 8074572 -1300466 -4658666 3085755 -3956484 -3261548 4876020 2180508 4879665 -5672493 -2134511 4247332 -1886278 -3868299 -802688 -2960641 -43963 2071185 -1115360 791254 778991 3635521 -5019227 -1222004 1514032 36390 3858000 -2063893 592006 -397821 538506 1909421 3307364 -1971175 2603274 2236221 2633841 -10655290 3252601 458026 4189361 -8017519 497734 4200511 2826473 1632787 -2033491 -2209351 -2840782 -6462372 -129292 -4134713 4296189 1116615 -4100242 -7614211 1731868 3075312 1678114 2544416 -3435428 111879 7461100 -6228224 -1135663 349297 1946815 -2671833 2032019 3547936 -1308878 3016872 -4215834 2849828 1953166 -2888619 
-1047543 -7052535 -4404173 -651289 -2296012 375801 1825228 -2119810 851718 965262 -2500525 -9992 -4057777 -508099 3130711 -3952240 2716376 -4101035 290512 -1655632 -2712222 -1062773 -4587957 -4716134 1825290 417189 6372344 -1514434 351808 -1969166 1558710 -3292771 -549408 -5333361 -317034 2509372 -561307 669461 1941420 1856026 2615648 1709803 4111830 1374985 3137475 -2625592 -4515331 493338 -3817499 3700799 -663862 1122280 -1075015 -4427744 1595602 833745 -189256 218176 -4241978 3981164 -3615110 4011537 4174836 5022647 -2338748 7371945 -6150605 -2689724 -1027454 213449 921069 2413069 -2824498 1298619 3924129 3271309 -2228650 2767940 -2797586 -1351234 741842 2669811 -6628537 -1038754 3438639 -4098106 2085379 124313 -2269197 -1373880 -3187052 1731044 1131154 -2945681 -741158 -7209339 724623 -3895815 5406758 3227740 
2092159 -54689 -774942 -3535066 -2574531 3194667 -1157179 -1290384 1857154 -75601 1419174 3360139 3427577 5511255 -459278 576743 -2996436 -3461978 429657 -448876 -2850613 3530261 4134267 772503 -2849198 -5716918 3625508 3377732 -3563412 2672543 2452520 6198193 1594120 4643773 3605175 -4156341 1058834 -979634 -2087223 2594155 -107648 -1802558 -445780 -2111243 -2574640 539480 7037161 3662375 4180160 785147 1610917 2930883 -1010553 -5584594 5995408 -894743 -579328 2223050 400293 -5064859 -458030 3091013 6622107 -858289 1764262 7425697 607292 -448122 -2815350 -2655511 -3332985 -32580 -2627796 561054 2260447 440983 -2712749 -2331917 3181016 2519700 -4475335 110005 1341411 -3125815 -505908 2828059 1382107 -1181877 447791 -4491219 -5777672 2565994 -4581834 1672935 2720736 3293961 1746646 849201 -1668283 2838040 
23670 -4026749 5169560 -686666 243074 -3347046 -3052888 -4336551 1031168 1661424 8504556 120846 3279541 -2524018 -3117670 -730934 1710513 -2340429 -3025834 -6602028 3120805 -2374931 -712751 -3320820 2309144 -2935649 431006 118814 -1024430 610289 1676955 4877297 1451631 -2548254 5830825 989874 -505636 -366181 2530008 1095206 -1716216 -393878 2308675 -1511549 -2079320 2678819 2903440 1691879 -1396466 -2719387 -1025124 2484386 -1419104 -232957 -1628911 693114 309944 296071 6954257 -7367384 5284013 5214810 -4326868 3225366 1442109 -3710245 -2360269 5583703 -71046 2758862 -1611422 -1820875 -1395918 -999155 1007182 -239627 -4858783 944259 3471263 -1504710 7325537 -3469600 9330623 2885667 -415118 -4960081 1547674 -272146 -4634456 5096643 -3876907 -1009102 -2073958 -3164788 2626451 -877128 -420911 6984827 -1925814 -2959817 
-2361730 -457331 4078671 -4251818 -132378 -812563 133313 -1391342 -3638655 1676556 -499312 -7042599 4119186 -418234 -5089252 2707230 6453700 3408605 5150991 2363469 -2634935 -6307335 8572575 -4636192 318862 -1298931 -5273281 -1906779 -1569075 6648027 -705514 1458107 1331957 -57373 -3573894 3930811 -2955298 4503755 -1617239 766710 -2564429 -2009337 -203338 -1600315 412152 2000227 -481457 1313949 1994779 -3142512 -1794544 -798258 1378295 -986383 -160089 -1186589 5252457 -3280862 -810813 302533 5575501 -569013 -89356 529927 -260484 -1467676 -667109 4217366 1823650 -1201239 1343628 -2328964 4571131 820638 -1800189 431878 -1914062 -661550 2503202 2195646 36848 -3455199 1099915 -3238974 288876 -13764 5493831 2079114 1668177 543883 1741428 2932374 -2261767 1798357 3979144 -891189 3143605 -329662 -997710 -2765434 
6152462 -880899 -8096963 -4192452 -488136 914286 437377 1119987 1917901 -2739328 789366 -3930212 2222120 3184493 -3631026 767549 1539691 2920026 1344361 1952397 -6942540 2031229 5503981 -3462308 -4975123 -2753740 1581963 3205031 -8888590 -1574482 -2531661 -2375244 5160397 -4874224 -5952149 1093024 -3196890 -3564732 3718826 398753 -239446 -638269 3897355 1669601 2264308 4809332 -4661077 5590935 -4783231 -2742606 5948075 1181802 -1699292 -18144 1725860 5621923 -1167646 2031333 6452095 -3411919 -2857810 -1329217 1244333 -7342989 -846516 -174013 -504229 3134651 3980040 -5729623 3170877 -6389851 -1249142 -2700196 -1127183 -3443066 33707 10071346 1109168 -2934922 2885382 -1371220 2978645 -2120593 -661308 1487794 6747652 -7258514 6815794 4788850 -674799 2339131 -1896855 -5201348 4419860 -2066056 -3876470 465152 1350444 3594954 
-4209357 -692469 -2282601 -3193829 -655704 3602254 2654749 1621034 -3968253 953124 1715724 2393127 2613135 5443343 -1539251 1187939 3000370 -139571 -1610912 2057792 3714277 613869 523037 -708191 -4263539 -75705 5035055 -2222005 478107 -1227143 487764 2716562 3000844 6749318 -1813778 3478581 -1121389 4278645 -675057 3316395 -1054717 -6420301 -1934896 -3284932 -480453 563120 896626 -4365028 -2320417 2454724 1708809 2419702 -1847095 5346276 616599 -415862 6397738 -3391510 9511500 -1603645 -2345678 -289337 545542 7743469 -499336 5300488 -4145448 339898 5369017 511990 1838961 -269073 1070145 -20313 -2078242 1684802 1914075 -213226 8600975 -1487853 5518403 -1602525 -4165216 -3502055 -1547525 -325933 -573368 -6303577 9924819 1339927 383404 530522 6017090 4029531 2821115 -6014816 -180010 -3240361 2390208 4243323 
2010895 -898925 4953504 716442 -795088 -383570 1996799 -1683288 -2069559 -2576948 -868248 6553243 -1209322 -5963626 15090 689260 -783618 2162712 882347 -3913167 -540851 -207512 -8158841 -92714 149430 756818 -786799 3758566 791369 825245 -546381 -2455687 -6821609 4897194 -6464575 2126953 2280287 -4478455 -3370524 4643529 1390894 23964 -103273 3647291 -2319128 -9896029 -6092881 1322027 -3404800 2838599 2030486 2668819 -2352420 1096400 -1157545 -5658260 5343895 -6574674 -1799224 3477456 1002479 2410813 -196642 5873703 -4485542 -3607075 6970177 -389887 -859423 1947738 4230614 -384041 755194 -854348 -468807 -80441 1345125 292852 -6450514 -1858945 4400483 6405218 2223501 1891682 -5125364 -1926656 3782345 2957592 -5792965 -5644827 966583 211528 6199402 760175 -2564367 -2642031 -9032312 -2677392 3384731 4291020 
-3952596 -1360263 -258286 -1983124 -5238147 -808522 5557 569243 2678053 1990803 -3440884 4672257 2521144 -4340937 117430 -6649471 6611241 2700150 -1251257 -791332 4704061 586818 -4623104 -2276301 -863824 2849405 1822826 -817320 -707975 694499 -2822127 -1172764 1312120 -5391266 -3002968 1210471 4976720 4870808 -222144 -2259202 3487196 4152160 -3652827 -1462456 -1155836 -6946128 2219424 6198012 3344330 4024001 1117395 -2832233 3370130 -3813293 4337169 -398786 -2893818 102239 -4902956 -3046311 -335206 1342043 1335299 2928013 2027437 5162651 -1917528 -934308 -1578519 6674983 -344512 -2953435 -2693638 1090591 190971 -3931873 3941451 -110046 -6010419 -3414794 -2985991 1852115 3685674 2106525 3495299 -722348 2037120 2579136 2043551 -77796 -763662 -162535 -1150499 567231 -5980219 -5408758 -1251708 4925666 8200020 -251970 
-92821 5226258 773100 -2954626 29124 -342752 -1621255 2680398 4244153 -315454 1501237 -3626742 -2938280 -762049 3083371 -653886 -1070977 1273292 -5009121 6555126 4156601 -180413 1212329 859207 -1846566 -350667 -6882894 -6311642 -576348 -3114048 124761 -1059162 -3266738 -302956 224078 3244173 -4970442 6392508 -3455670 -4752594 283857 -4424578 -809354 -1662409 1778642 -442452 3999926 -1116227 1346875 -3071879 -2442858 1118868 3498329 -574942 -5697869 -1628310 3055183 1078662 304126 2777177 1759685 -8654260 1349842 4686082 4640590 4433823 5189629 -79270 -2985962 -741401 -988033 -1023110 -310537 -3238165 1056108 5296512 3352552 1576459 -4136584 44633 1121021 1104244 -2284640 3353880 657282 729335 -791073 425724 -5657630 -1594645 2640222 -811579 -5050180 803709 1667746 161939 714844 -709611 3256865 -2169470 
-1738692 50663 -1226429 -4596765 427937 -1897693 -779582 -1987357 -2682871 5933123 -893573 5263451 -5153648 1433522 1593707 1578224 -6086922 63868 -2044760 -5163192 -3337079 -3911607 6461227 -203763 122287 50103 4402925 469217 78179 -5738356 3959965 -1646417 6126391 3012081 933033 976669 1055791 -4255216 1939256 7848112 -117013 -964045 -6585290 632008 -2604626 -4469144 2021182 6109419 -497262 -169561 -4163202 -2238329 346929 -310235 -75658 -2752644 5080691 -4659671 1155664 -3662658 -5382121 -1709508 2399916 -1196285 4207207 4930600 2962933 1095508 2562797 1587221 6501461 4847225 -5714193 890512 805653 1437984 2520883 3254040 327137 -2822807 360593 -3960176 -4118502 -2282597 -4957612 -2279714 5229128 -4848976 -3061947 1481143 -2072373 2869406 3820378 -1504384 1787784 4982262 959469 -4271214 4431594 -2981007 
631883 -2308279 -4103567 3659233 1969339 1311286 -474124 738308 1541227 -168213 2516907 -2631061 140664 4750061 2849592 565886 5439772 6741548 1540674 723877 784912 1356162 1527735 1480261 552959 -903970 -5501864 -949667 -2264130 -2649072 2692553 948471 -1703572 -3769358 1058775 -2738218 -5041773 -4085621 -1170567 -835260 4678373 -4413044 5363041 777080 -3903470 1429487 417150 -737842 2595444 1035331 -913118 5008605 -2766929 1280381 -4498188 158638 2283733 -1602782 -3172785 -4464788 -100257 1074040 -3337127 -553247 1407910 2715302 6469817 -523248 446092 1182520 2760779 -684691 -795793 -6990666 4204915 -536199 3530186 3539622 1610564 1540289 -2106309 1079345 1691515 6328766 2739944 -777772 55118 -5422424 -3073635 1106960 3018612 2189034 -485881 -3124293 -1160787 741530 -1027552 -285151 -596284 266045 
1641127 -1499553 852827 2974934 -2765270 1277674 -2194329 605575 -3037027 6386354 2080121 1281093 -890492 -5322944 -4308024 3924684 20470 2032931 -2269306 -2977120 1198364 2947477 6427739 -1498217 8054458 958369 -1416024 -2152811 3510398 8555433 8890852 2639648 2555362 7256171 7552348 -51871 -5651196 568900 -7161885 -2463949 1962768 1435106 -8260906 -1236887 -3312593 983325 -905218 -2878520 143281 4257123 1102517 70052 171696 60679 -89029 -2436790 10285231 -1544999 2218453 1318872 -353127 -872051 938246 -745151 6766611 2763387 263767 2982116 -170126 -540542 1998554 4128527 463870 -2337451 516024 78509 -155153 -2062658 -177349 1374827 -1578632 -4987360 2311246 -2985763 392149 -785798 3712922 -4964049 -3192726 1340554 -354348 -643975 5940332 -501997 -1708559 -1440160 2574707 -5896202 -786298 752634 
821218 1931391 -5300958 -4138004 -1110494 -5802045 -3128819 16556 6067829 -2703473 -6285532 7797703 1987974 781205 4471698 -593173 4291566 1314256 -2500244 1550154 3667136 1052720 1840682 -2313192 -7135063 -2064554 2172320 2871333 -10144728 821643 4520648 -808735 -743847 -2967271 -1126742 2648264 160356 5546994 -2221907 19888 -6491484 -5444223 1745724 -1400217 -3984693 3264401 5161892 -3658273 5151835 -8145624 2980897 6818782 555579 3244217 -3874448 3492329 -2857256 3888603 -3776820 -9266920 2944544 -1108235 -3962224 4603300 1447815 348576 5355218 1045752 5273228 -1266039 2257663 1795956 862007 -2093402 147720 -3591318 570384 2143205 -62423 -1125059 3350858 1758347 920472 2371358 -89396 2922742 -267822 915143 -1329407 -1657795 1164245 -3420114 -4698722 2186371 6366549 2022074 -3547918 2746908 2767169 -2305212 
1230650 -3451273 -887080 3441799 3487254 -3466505 -2187189 809029 -5043534 -212140 2320435 102852 -4496743 -317040 -4478800 514122 -1674096 -5062527 1778512 2906459 813773 -202036 1172223 2554651 133976 -1027678 -3852746 -2313313 167182 4655995 -2884212 1851657 -2927042 7679180 5384607 -4790489 2116444 -517615 -4751968 -812850 -194285 -507253 -420105 -510757 -138588 2592940 -4484615 -941206 4373129 1110687 4310916 -2871311 1489831 451816 -5603566 -5127656 265205 3080645 191907 3978032 -2287784 -204292 -1568307 -1288455 2570688 4017963 2862027 -1976477 1700140 3237976 235357 -2832911 -4294317 5268570 -2695591 -652738 -1715547 -2933805 2789407 -370419 3645993 53911 -35883 -3548868 -2125823 1554928 2992995 4301238 -1583821 -6105392 -3591064 -2378756 1733272 -915045 1116570 -1019548 4457065 -1599582 5437261 -2439562 
-3015895 1035848 -2108862 -1907028 -3324736 -2682484 -4089451 -4698473 1771581 1083853 -2818567 4802638 -189313 329390 2238338 480339 6168767 2306658 -2239834 4732079 -7277195 -229171 -1400306 2130607 1089777 -3573721 4109253 -1467115 -1552970 3125903 -8151563 -760805 3166416 522613 -2251133 5210541 716265 -2673380 -2362080 381438 -1390373 4697733 -2893769 -2945801 1139597 2693580 -290125 -2127943 -68219 1009712 1705788 -1428751 94895 6550354 8198297 2623573 -2697884 273152 -5188658 3759981 955979 2112953 7472614 941348 4268976 903091 -367942 -3524384 -5637555 3289002 2765091 4666431 3033146 1853734 -296012 3343226 2511940 1473794 -4349774 1449775 -658984 7307846 -2459613 -4412995 -570832 4208005 -4865144 -1251847 3245823 662149 2331920 2129486 3348937 -5891847 -4125490 -374528 4015991 414782 1100092 -1364158 
2249009 -2601959 3071524 8040141 1061113 3733127 -5205243 2127946 3841315 -9667745 -2412828 -1879959 -3524545 4098701 -2167871 3546314 2431643 1742678 -2315626 4538588 -2320634 218678 179669 -3068978 1068016 7638561 -6561522 863917 285991 -2533701 2261237 313155 5274797 -1272875 -3309654 -663857 3131633 -2273295 -2532872 -104596 1822004 1835198 2726356 5436512 816731 -2930007 -1880669 1028153 -1573183 -113998 3410567 -4764473 3577611 -2560202 1036731 855966 3694269 -1531965 -2555452 -2473956 -1489854 -6024435 -1236660 4491697 -972709 -4683046 2523252 -4784006 -2781237 -3178135 3400614 -80987 2962456 -2296624 -1383521 2164336 -1412812 2606983 -4195122 844388 -991549 1754742 393416 -493019 -190867 1957125 1528669 -3204469 3123849 1502656 -4222642 586406 4184319 554064 684574 -1129273 1969255 704565 -2202621 -1449655 
-4221635 2321247 5040859 5860190 -2839969 2129339 -5010262 -5690256 745247 812867 3632754 -947739 1109536 -6316348 -2359908 -512774 10583 -2566287 1027004 -1296120 2346410 -2870436 -5241242 -1972691 -3224399 4090518 -4212342 -4556478 1021383 278779 -2577508 1314644 -2111864 -6462610 -1331984 2288579 -2018555 -8260182 -3131936 -1479070 -363393 -2645021 1088634 -324452 660866 632801 -8573460 -482459 5063194 5832382 -1007777 -1265260 -960881 268684 -8660911 -1569383 -348529 2284318 -7032801 717637 110252 4492232 1084690 3214424 -1502652 -4018182 -233001 662877 -463204 -1503064 4296412 3743690 2880751 -4006560 -6568354 998323 338811 -2525013 -1995264 4480601 -2737817 2939726 1493061 -2745468 -3080601 -4935309 -6063317 5923985 -2530770 6229169 1702104 -4947753 3054605 1782051 -1161405 2036903 2545726 3268402 -6528951 -31954 
-4783293 -1591751 1125766 1201141 270544 3763918 3080028 3617431 -10951844 -3852002 -1516374 -4135829 -1461087 1904371 -3229289 2536115 -6153973 1973202 1041762 -341429 -5242453 3074305 1354275 -8469 4154392 -1000170 -5105893 -2131114 -4997770 -401154 898252 889241 -387696 2253594 3313224 -3009449 -4113700 -934092 1249536 -662493 8331434 637028 4851086 -3340801 8232084 4217926 -1570588 -6790705 3907353 -845961 6025445 -2438943 1054062 1448529 -3218549 -1534017 -1910647 6560414 -3401786 4380735 -864914 -1664641 1067484 -1400911 -9245954 166217 1384144 -2132199 1180867 1876721 -3110885 -2692630 -2066890 -10047344 1006159 -35237 1776409 -3952505 464313 4484725 128450 -450149 3022159 4169384 -608313 -1998764 717548 112012 2301681 -1483663 5420846 2943543 -1481730 -1709367 -4710941 759630 -1732686 -4839060 2528 4290265 
128238 -7980807 1197491 3684388 -1410111 237117 2468227 -2075362 -4643276 -2777269 -880352 2473874 448680 1241123 -430080 821399 -3049059 -2152990 5268678 3622054 -7203150 983951 -1948418 6162534 8072057 -2168669 -825617 1991198 1220647 -851641 -3415091 1390505 1705426 3082690 3281123 311539 2170629 806854 1240634 3128344 3908427 3496287 -2958629 701189 1489471 -618231 3152023 -5352025 -3514049 4084834 4343737 -56207 1129520 1754781 564433 4365046 -5910959 3268993 1795593 2506562 -3831967 -3440008 4490613 -1889192 -2249972 -1099575 -611562 -3493931 -1262592 955755 -2712826 1087136 -4150580 -2850845 2586008 953682 215804 -3940044 -1678964 6184669 4057167 4246778 -3961910 -2638499 -5807131 -1128682 3909109 -1699019 3190032 -2445454 -4651749 1057347 2616353 1633762 -644965 6499898 -691031 -3864211 702845 -2847219 
-1720927 -5901127 1452513 1005442 -982704 -7160298 740233 854319 41881 -3970497 8969814 2289504 851818 3845998 -574321 263932 -5018372 5584980 2018091 349924 -2986280 -6551629 -353391 3707446 7671871 -7110165 1285217 492274 -3254480 808325 -3547567 1423133 -739879 1603619 2515663 -1689578 -2261741 -4904426 4993435 -1165307 5709260 -3800779 929119 8470449 -1909196 -756914 -8866282 -3703408 -115886 2201151 2136790 4106492 -1463611 -944950 4521159 -6509254 -3795566 -1335207 729402 -493178 -2371213 -3008749 -1239075 -4346755 1852709 -6485620 2925001 2703150 1306261 2430410 1345929 -6231374 -6150453 7963895 -5407286 -3198211 -4544391 -1319106 -2357812 -806129 1165596 1876753 1926454 -2046376 -3886316 2973364 -1300305 -190887 1169072 375772 -1909343 1778519 -203262 -6397665 -2888347 3222533 -5733498 -4941789 -2096894 -1446857 
-3461092 2857641 -3409053 -3469322 989005 -2995003 546298 -3385433 -2606635 -1725733 804341 3315541 9367473 2827109 4396010 3060980 2304764 6968434 -20161 -1782504 2692885 4096356 2616380 1804878 -1824632 571756 -1274690 -1069267 2749651 8052274 1315157 1964376 4895321 -1997856 -5229615 -2736059 3838562 2874187 2162649 -5079611 452558 1797239 845359 2166213 3430398 2424655 2057218 -4484983 -211110 -761551 182907 1152975 -1014525 5667696 4549546 3154602 -3957111 2537590 -1696555 643159 -2067915 1717559 -2407573 3184799 -383731 -1267722 2633467 -2223914 -42981 888909 -694501 -1013557 -2352071 -5482357 -1248243 -5339295 -2001191 -5141652 4073429 2321248 5439903 726774 6256083 3013611 3118712 1049704 -2260129 -10423960 7487010 -1670681 489933 22745 -4462 794972 -4171001 -429283 -2572159 -2903275 -1882095 -4864216 
2615941 1144631 8457449 941186 -4173266 -1187361 -2215380 918768 -753749 -3773263 -7422194 -2880214 -536719 941708 3215132 4601041 -2772926 5771963 -753627 -744424 1491215 -2853388 516557 -1311897 3155176 -1301379 283446 -894142 1086915 5503040 -5033218 -4242789 -1628146 2834688 2723745 -1796492 -2208569 -2542611 -4108038 -3702473 2771341 -335595 1925132 5338226 -3096800 2237104 2806953 -1885265 -1497950 2099029 -4029905 4827436 3074751 -5167463 -2630829 42227 6886979 530632 1563939 6219329 6803430 1544723 -8567225 456954 2783014 2185914 3746757 -415293 260530 -3834479 -471286 810096 -605847 -1444689 526858 1726649 -3188338 91618 1797793 7619003 -1397913 -4385191 3788402 741237 2808516 -2162989 3083294 -153924 -2551980 413473 5423322 1606085 -3585181 2964364 -2451879 -252302 5815076 -420225 -1232643 -1636319 
-9133017 5126831 -1574394 -7848033 -236832 -5839576 55490 -405723 -1550553 -4324628 -1684587 -4626403 1872273 -287628 1417291 -1910069 -6874647 9697154 -354110 535356 519607 -5438848 2768458 9619185 -594431 -2996065 -2271619 -272609 1562740 -244273 -5990854 4855287 -5240104 -1744855 1235124 1997940 -4995115 -2679453 3365548 -2044806 -1628166 -780371 -2014149 2574439 -2000478 6172983 -1385428 -6861522 2376299 5457160 2976123 2283021 -4452679 5417850 -5750633 -5058193 524823 1285113 4528010 -637928 6541827 -1627067 2395928 -2197059 -538926 -1913166 3566795 -3753036 3223862 3336441 -5476784 4554618 -947287 -4507314 1947044 3470608 724817 -1370347 4470218 1562458 406474 -2065847 -3117289 4412809 1291284 -5889202 2963919 -4293837 6934118 2539176 -1578473 -1934389 -669247 -3496230 -662042 6469288 -1201409 -4406340 -2754260 1012082 
-2784540 -2996484 -3555592 1464855 -2141716 -824363 -5287166 -2865793 1482926 4061276 3291918 808477 27925 -8862938 5168877 -2862750 1052898 3816566 2136717 3376475 5978328 2737448 -3998611 830282 -1434175 3178748 -2513291 1214697 3096062 -900371 995656 2046359 -3148258 4526485 967375 -3440762 3530159 -2971939 1245756 -1676606 -757232 -7079038 -2367545 4811077 -1555333 -651629 -2819349 -6337952 -5734966 1987342 4242346 9997738 1773374 -705627 -7252602 1919022 540957 4730896 1849521 271859 -2020630 937964 -4241338 -1027668 2751193 -1833824 -2214314 -455952 -4590849 3266234 4101982 2749454 -5541787 -184694 2603888 -602628 397982 -1551591 -3231241 930209 3626659 4627419 51020 -3392233 -3952546 -1600000 -2005804 -3201644 2845272 1564108 3216002 -7399300 1620325 1564979 -2071397 -1813821 -1410460 1382722 1114380 1190797 
-1024620 5915541 2133250 -1998629 555054 -909986 -2343522 4840333 333593 1818032 2017504 1479376 -3341372 1844940 4501933 3167090 1108696 3445830 4561766 2547641 -5171978 -2941771 4067000 1396619 2069250 1623835 -3268887 3230069 -5343833 3543789 5359873 -2477658 -1076703 5840687 800989 -647178 -5238151 -1222878 -1941463 -2207900 -586899 -4532007 8742084 -2633502 4726094 5473386 3026714 -2626488 1622372 -3924910 -5357459 4779998 1993699 -345682 -82604 1198680 1140966 -5186872 -3421309 -2093257 3461791 1534712 642825 7412455 28555 2076710 9534280 4593849 -955569 -472676 -834431 3230036 -2237569 -9962639 3574006 -3557416 7440525 6103995 -4098794 1159229 -4082175 672201 2426584 5169345 -5185836 -2822579 306853 -517584 -1823041 1142598 7172757 2043738 -1060067 552000 -6064556 1962974 1388992 -3314398 240170 2677008 
3455900 6269667 -1941064 15566 4262863 219259 227008 4807627 1208012 -4210231 -5855524 548307 -1153670 3738785 -2520520 1603342 1285486 1336127 2717999 1799440 1867616 -105064 -2437799 895651 -1510123 1831441 -1361160 207527 -1603355 7956701 -3530154 1123344 2196154 -2706916 -881047 -6646865 3750587 201722 -2042496 -5328209 3479411 -643905 3579706 -4138677 434954 994984 -2322068 -3759711 4259570 -8871723 -834320 -9692712 607712 4333952 -2022340 893355 38343 1911485 -6698883 -932166 7866820 -4753621 -346159 492705 -69495 -1802196 1283963 -164220 704250 6694997 3729793 1707329 2948032 -4134094 137873 -5061299 -183943 -1215084 3573444 1847090 -728483 -2709394 6393483 900265 2944062 4466147 -2415802 -1668853 -2637238 -2110962 866972 -321510 -377673 2184076 -784379 3592885 -2652578 -1056647 -649646 -2024233 
5420345 -1715173 -2822878 2107779 -2480516 4292820 -624072 -4843897 694331 797238 -4938534 2454278 1786228 -2366647 -4738165 1003532 6272227 703502 3501549 -2454657 -2261009 -1487959 -1190549 -3575373 3842387 3312418 4292667 7275787 5359906 231689 -1838226 -5023095 -9246792 -30788 2018140 3426028 -748538 -526889 191996 3836029 -157787 6846923 1617235 -1616333 -581345 -952102 -2868521 1841037 660670 362697 9617447 -3423626 -1505671 -3333421 -1636205 -1019873 6963386 -52983 -2257010 2788998 4304622 1603636 6513 430285 -182854 632638 -3343361 1596747 -2642597 -1344152 -3569086 -1818239 2322957 3036647 -395912 2535858 1315167 1106760 5113253 -3102336 -3513182 -932074 -400344 -1296534 5982324 -2179281 -3665 1653023 -2765675 -3293803 -1374324 1097651 1458466 463424 3089636 -4605733 -2510745 -293125 6389622 1406698 
1177292 7903708 -2051759 -1099974 9620837 -587030 -3308155 5314331 4367258 -955528 -2214270 -4552034 -2487819 1682182 -3830178 -5348237 3379517 1582679 5261971 -1375380 4904367 -2695405 679223 -5894474 -7368307 755112 2726752 387690 -3867378 -2581532 -1597778 -6774090 -1023268 -378293 -3256762 4313732 3508733 -1134280 -2443516 -740624 -5847 -2562509 5163548 166178 145496 6537476 -2503877 2722489 -2002806 -4181005 -2670687 -2527706 3302895 1769673 -5986642 3640232 -3995588 -2976246 6402659 -6683320 457535 -1544135 -1099571 -4381023 2482434 1683346 -165511 -2679453 6833405 -3082774 -2414739 2730894 6388806 -1822995 25252 6912932 2214386 3107252 -4260510 -5276528 -3551107 -339459 2958994 2348184 1750420 -6694836 -1201435 -2079111 648 9955039 -1071803 2380793 -1193518 2757046 2882808 -385220 -2955931 902987 -5413016 466941 
-2101526 -9672954 -781286 65729 427986 5070229 3586174 1572344 1750690 -3844331 -7992119 -1548084 -577580 2240539 -937144 1322829 1239549 -666564 -553427 932128 -3417448 2652042 1439922 520703 2497138 5008762 3066267 -843248 1531828 914347 3690752 1489382 1988398 769485 -2125960 -6805871 -774556 1859419 3273453 3818805 -36905 3262768 5157971 -4220293 626638 -885334 2878596 -2296649 -3414380 1940019 1550726 -5268180 3839932 -1893718 485105 1597492 2512551 2181522 1788080 -6122369 6839600 -2811916 1383308 1783744 1317817 -1448809 1640543 3021466 4339521 134877 988251 -819071 -796679 -2036338 -2749135 966020 1005784 4767378 -90631 -1557179 552582 -1461743 4840132 -4778851 -4389879 -101893 4807258 -2170926 552057 -2715561 3100927 70990 2084 1922702 -3241283 -1673899 1742877 1737860 1594844 417413 
-133479 3599017 -1608648 -2126432 2798668 4737375 1462115 -996949 1745772 2506864 -3673632 -5684251 4579413 3642243 -4664341 1258100 2391901 -862181 1187518 7235052 4122820 5891862 -2168608 6431369 -6294552 -793415 -2683327 4429286 1573340 3254568 -1516120 -280657 549577 -1754121 4210925 -9575976 -2446882 -2409570 -3046210 -871042 5920280 283209 -1391898 2563212 354763 3132650 -199660 5082222 5175100 -3489182 -7362819 -5448382 2372806 -2274457 -6269346 1906932 -1859797 3175477 -606772 802830 2755976 176326 663913 -580900 -2070257 4567348 243984 3047681 3920902 -6782315 -635244 -1588086 -3742551 2279749 470573 -34366 -7660059 236175 -1861951 -752352 5699 534831 2934992 -723540 -445588 -918377 -2267042 -601579 -1757210 -3771923 3819592 -1692709 1320468 1538997 5824058 -4925741 4167179 1417909 -1957215 -3581620 
7617767 6628901 -683151 -1109924 1333254 -2080987 -2554339 6505217 4956276 4309517 -1321720 3140286 -7144851 4265105 -2640313 -1480180 -774124 -2568812 -952121 -1536231 127212 -771085 -1668255 800875 -2924126 -2697818 159055 -5582288 5727305 -4371450 1818266 -1243102 -3330028 3761493 4787697 -548415 -1148450 -5699861 -6772090 2271591 -2534566 -548597 1209368 500133 -3857752 -933640 1058338 662550 -1581365 -4093656 -741927 -269920 -6176942 1656871 -847380 -2884170 3531600 -4181789 4754912 -1990507 -2096049 1593206 1708910 -4922091 2290585 509890 6037749 -1466435 3512488 1055881 -2207061 -1508958 3054241 822333 1891432 7087061 -246559 -1589937 -1069968 3210513 707582 1193172 -4203073 -1166624 -1897145 1535633 -3678871 -1824489 -4021452 -4372332 -1869736 3846170 -3274331 -5300617 2502300 -307283 -2357845 -3203438 -4734377 2693675 
-3541278 -1478488 -5463180 5429336 2146163 -3676590 2199637 -4260551 463837 363620 698425 1898062 -3347615 1486280 2452779 183372 85911 -1343138 -334843 -710419 3752072 5500615 1364664 -5497589 4940076 82779 2040033 -2579573 -1298866 5253902 1615993 2720160 -2415145 821405 2288979 -2955869 4006459 3133101 -2299382 1132306 556815 -870517 -2716051 -2274963 -3831066 5175407 -7381719 3584673 305381 -241987 -6056052 -2581574 -499167 5176851 -3470022 756315 4985253 1645041 3189724 2091662 705259 -798270 -4754727 555399 7953913 -2975462 -7521855 7768009 222485 2962891 833425 -911789 -947304 6467236 -7058335 -869123 -5072554 -484211 6256307 894380 2509422 2707065 -5760486 -4341068 -336463 2085376 -3037982 1289641 -5331955 3107867 -2109294 -571126 1566472 -6796374 -426235 -6788981 7179556 2466688 21822 -4567810 
-62536 -443839 -2443327 -2769038 2071329 -105015 -767613 6031655 -2775248 975766 2601817 5102225 -3156403 -5764699 1937376 -3882017 1851384 -7439199 -1120512 2719517 1099191 7037224 -322610 1838862 -4720942 193150 524433 -10702500 -855659 -6101438 -2501417 3903278 1973478 1792115 114804 -1010055 -1994346 1846847 -4786401 -4599772 -2981781 -463823 313851 -6299775 3152925 766064 5942835 -533896 -3292433 -8192233 174157 -1887838 3146838 4676712 -2085057 860721 -313077 1102172 844550 -3220099 -3433927 -3634848 7230404 5663293 3448019 5746532 -6653322 3783554 -2071106 8162653 3439202 5408571 -917274 4118888 1699048 3434566 9718135 2456665 485305 -6213778 3885697 2680529 -4058369 -3160579 -5276632 -219284 137204 -2186572 -733701 1046668 -773356 -2925954 1860898 526654 -2113429 2112552 1352100 5071434 4818078 2972241 
-2440290 -1722214 -989316 3219388 8486411 -1845667 -5184725 4666668 1136332 -829780 -2708561 -7312293 -6193679 2097317 -2746815 -1035358 -422745 2000531 433438 3642025 6722599 -2551799 -1189388 530849 3995212 -720916 3113428 -1099801 2414953 -816834 6323835 853241 -87876 3293417 765809 -1845781 -1202591 356601 -4133977 -1274023 2647895 377061 2092327 6925446 -1279077 -1790321 -6110026 572228 1696692 2069898 -1938601 -2020269 1710235 511620 -6963832 -2644571 3076725 1917164 -1170621 3079383 -1224525 -8571827 -3032453 -5822354 2015332 -1673044 2134267 -2933524 -964315 415723 1998654 -3567825 -2680954 6126919 -2806184 5231411 224889 -330431 -1451973 56851 1442539 5945174 1160886 -2334422 1134744 963074 -3447929 -3045865 204273 4587471 1221825 1671518 759116 -1701699 -2724108 776281 3147197 -1408695 65729 -6677447 
419 -5740867 173408 2210939 2475056 -3750236 4687447 1506476 -8606035 8981643 1051288 -732078 -983712 2908363 -1744829 2532681 1393815 -2758047 1482176 -1240073 2548328 -6003157 5296948 -3487253 4261011 -975529 -4048464 -7238676 2528945 3561895 -464962 -77819 3077572 8249082 -501324 4253742 3777541 -2920671 85334 -1033128 -5088604 -5120123 442940 -5138672 2375542 2892686 -5187705 1848657 3046533 1499728 -3603900 -1445664 3278559 2463485 1313895 -1726170 220467 2702079 5298683 10937734 1186687 -401208 268229 -4608677 8751108 4744939 -2227092 -2060980 1904044 -4927425 74168 3434084 -1473048 -1800764 2904315 -1469244 1702337 -5453619 -385623 -2552824 1127570 1305034 -3272875 -886396 1619324 1092521 -955916 -3430718 1856427 -5273162 -2024055 2006193 -1172743 3425115 619808 1488025 3997068 1201860 827646 -5257268 
-810552 4906092 424998 -1507446 452798 -5270625 1381894 1385886 989754 459403 -450207 1274186 -4238685 4964686 3825485 -648670 -7075094 501608 -1603679 -4727296 -2015944 -541968 5574748 1805288 1835750 -3363098 6549005 -3069050 -113647 -2410563 2484643 -3871975 2053297 561514 2540747 2472144 -2484184 -1956556 -2605813 3571429 1235068 -896979 -467553 -2028538 1410908 3631456 1757290 -783030 -4948734 3587269 -9133746 17205 -4343832 2251316 2821609 -927999 -23094 -2870211 6241186 2371288 293268 -1877599 4020909 3788854 1800674 1855233 5069965 3884376 -1158852 -1013669 -2465518 822200 -3091957 -3257486 4406354 3289290 2019546 -110719 -3709379 5937403 -2177766 -1082843 -19113 1295765 -750419 -4242703 -2272157 2792869 -5026033 -826474 -4145663 2051233 -1200146 -2351106 1252908 2679310 3741783 -922679 -1380495 2399131 
-2205588 1776478 -5344838 1106209 2665499 -2366032 146133 -2223048 3708271 1053322 1282028 3607402 -1533946 3153033 1965188 -1189420 -840128 3516035 1536230 -3468231 1650838 6554886 4877566 -856595 3815938 -5371904 -2776682 449329 2617552 -5617115 671887 3145981 5578308 1011045 -4161231 3772603 3102982 -5569294 3952907 1095741 -1580249 3630745 776938 -3614421 1352182 2578450 6904277 5043469 854806 5371089 -2895766 -2070473 -1312101 5133159 3543827 6397866 -1500326 3326017 7998826 -5136949 199365 1434504 -219829 756888 608560 -1634273 1722816 -558800 -4515960 1208818 -5393662 791454 -96457 -2476632 1832092 2577804 2178241 -1580395 3907918 5110009 -2747967 -1383991 3451267 1320519 2415936 5126908 -4296425 -6646081 4963925 -1042820 -663074 -139228 1512449 61836 5023481 -266201 2351454 4425587 -4934692 -1403198 
1476838 -1218441 1598763 -2537078 4480121 -135027 3425285 1112475 459832 -1617374 -2288 4169838 2845626 -7295 1833295 4008490 1286617 1397054 6382545 2582356 -337748 2854299 1520126 -4272047 -432095 -1183350 -261569 886995 -4612194 5738826 4231172 1620767 -490485 6126676 -6880133 -1203028 1565099 4622220 -5100330 316873 -349035 -1244010 2380051 -288654 -1745500 -3272347 -537563 -356186 -4626745 -177175 2801072 4304756 3368394 -980744 -8490647 -466986 3588278 -733259 -3990023 -510445 -12256 -3210026 -2571166 1978791 -2186899 -3250947 1055275 37870 -397049 1198361 3547381 2522101 1203126 -1429107 -4571546 6594311 -732361 -1784753 -924402 -702218 2537205 5524982 2343402 -822144 3477451 1490603 4459725 -2644791 -280888 6758228 -6148728 5733733 -4409803 956814 -590494 -3720090 -1620291 -1495214 1286572 552327 
-1286343 2774890 -1284220 -809688 -2477872 -1183399 -1023714 -4383307 -2237066 -1057514 -1278424 -1520929 207847 -4568911 2909904 2892454 -5335395 2275922 973746 913573 3456841 -1363832 -145166 4811848 -7839194 5796733 870327 -2879309 -1421254 973888 -3500981 -2403287 898832 2747112 -2407629 2541849 -43863 -4147620 -2967375 -348711 -6992869 2215514 -3185641 -998259 -853354 5422163 -6678346 -5124690 -454290 1778141 6688243 1193087 380738 3894036 -4348619 -3496081 311511 2077227 -2042585 -45355 2866258 -2729387 1935797 3394954 7403590 617435 -7195144 4019985 2993648 -1879895 341921 2299666 2351641 1388712 -3685690 2089069 1486845 995532 4455385 -5703628 -4023059 -7940114 1388929 -1135164 -1022131 -2264135 2368920 -1823977 1554645 7327395 -86152 -619697 4359552 1264859 3519571 -922058 5213883 -2651274 -5234112 3055641 
6874638 -4075358 1365498 2304321 3401006 4479638 327138 -2847350 -3004371 -3268383 -3373734 -2300141 61468 -2767384 -2321353 4837816 405092 -2009861 -1629087 -6310290 -7142867 6313117 766539 -1881027 404447 2177403 -1943372 -627274 47210 384357 -1891163 4948799 -3914727 -4631063 -4340530 -3581360 1211934 -2074884 6991824 3876015 -8546676 2610557 4466281 885013 409174 5514422 -5793746 -2316102 -1309142 614400 7267960 42800 1865029 1224146 -6655846 -1096865 -683963 5105382 1628989 -4808908 1720103 5758701 -316067 -481214 1542612 849188 -261579 2760314 3853334 -2572640 -8252383 523785 -2410660 3746982 240112 4307156 -1459438 1538307 2271234 -1867235 -1182606 1478373 1074929 -4022175 -532521 -1191689 2701347 2860046 -8161140 -683964 1563581 -3102123 -3803769 -2931591 2840899 -5734271 -3598256 -1729575 -1454590 6779819 
414074 -3096892 -1005656 -6671188 2966806 -2080286 -35955 84295 4156240 2626024 2141964 -6434081 1375434 2599577 -427636 -528727 1675823 345652 -828470 897908 2565257 2422954 1605401 -5469067 -4239404 59728 -2173258 -1693155 1106251 4970082 4797687 2181672 -1047901 -682675 -3896691 3482611 -2566579 601948 -2262649 -396808 -2281341 8943838 4414207 2593090 -3327091 -252223 1040923 1974843 -1378651 -2895433 -3039359 1964330 -3457761 2111642 2181590 2014979 751491 -1360357 -2181687 1955184 2699240 2583562 1292757 -2247291 2691013 -5708218 -1100157 1620911 -2226328 -2732431 -2216281 -12475 4377807 1105865 -1811826 3900807 -2279788 -929027 -3081235 7310736 3318760 3384439 -1696269 -8428049 -1087630 8975860 -46188 -4333904 413416 -46356 -1303572 10503943 -3533408 -3660409 -5280401 -228189 739626 3909667 -6495669 -1894262 
-737794 1555328 4019137 -2190276 2773794 -1103691 6339146 6711611 844466 -1187191 6887 -3352372 -2907940 3425434 585998 -1105213 -4817077 3596382 932720 2263912 -3343772 -3900372 2059705 1485023 3472967 11149 -2977882 1647006 -2273382 1652870 3470578 -386118 -2651801 3138175 3535632 3348013 -965745 -2238116 -2370749 1813706 -2563233 -7446810 1668969 3102644 -2895892 4724045 -527815 -2823391 -610380 -5704939 -7131388 1851804 2007948 413420 910735 1960691 5609199 -7342889 6800509 919385 1050817 471098 -2271171 4442983 -624565 -31914 -1058648 -1161733 8180189 -3648540 857483 5529196 470596 4451667 1812275 4448940 -3907866 -3557738 1806088 1742313 2544018 -179557 -1929868 2368549 -108959 -739783 260592 2618032 3253711 1205200 4613798 3480463 -807593 3266660 -2317770 3303101 -2148514 877555 945872 511505 
6069557 -4918959 -3193854 -807236 730589 -4424541 -4858677 -3138551 -3476908 3135892 -961949 -228038 -669290 -1243310 546246 141491 7713448 6352862 2529997 -6166908 2966044 -2543978 -509490 -1728911 9545577 -3192926 -6425012 1733599 2827097 5363707 -1228563 2895418 -4203203 -1018796 -1805565 5153455 5454057 558562 627218 4107436 -982574 -535827 -1462838 7204560 384030 2704479 -6437926 7453801 214402 -1104933 3695183 -141170 -5191606 4346705 -2446583 2566922 3171104 -4090482 53556 -999436 -1562781 -2111800 -386896 -5176793 3707450 4804581 2880430 2103096 -2080408 -1915267 -456705 -1834635 -2563774 -2229465 5703091 -780752 2715567 3275623 -3051297 3558132 -609729 7764386 2285706 -2494520 1785404 6978764 -1721132 118989 -2324357 -3977204 2272033 2463096 -4074814 -3556430 2088151 -2166020 975245 3771312 4416140 182970 
-2133054 2134822 3428794 1771005 384077 407399 -7134870 -1616876 3191659 -4255752 -2276825 -4470388 -4565400 870722 -1499858 -3368343 1267432 3926996 -2819668 2837789 2322374 458121 -2596441 -4244059 452229 -70192 2262734 -5244231 -5301851 -1888152 1598271 -3933841 -2463823 71064 3180122 -4331507 -1988032 3207615 -4957683 193513 1911595 302402 3676372 -2174430 -849943 8874595 -2453823 -468277 7410621 -2841793 1331623 2901449 -2141299 -1684133 -2780228 -3772762 1029631 1446400 -4351392 -2149122 1118843 432583 -1435236 634469 -66061 -1660122 5784444 -2514489 1595698 -703966 999696 -1675380 6428789 -3241370 -880111 -1484654 9474 5717437 2574422 7238107 -987672 2046206 -1653182 -5746823 1679059 -514004 -6399264 6203158 705663 -440945 5562072 2822634 -1617832 -5574533 1896030 -202405 1322528 -1277580 -6156731 -1599355 
-3465860 -2932909 240302 768734 -5871588 4777102 4941038 -4074207 4466967 -3353405 3678074 1787650 4178146 4206941 -464833 -681706 3857598 2908842 -3363383 464853 -3061663 2872962 5273017 -59437 1251455 -6418085 1623989 -320840 3165777 -2788336 2550634 418220 -625817 -834368 4823592 -2613925 -443723 2914687 196404 -649070 4591972 -1560997 -88715 1669600 1549335 1826832 910287 992622 -3079976 -2049076 -7248539 2204003 5211893 -1903180 1088738 2634059 324184 -558665 4184418 734216 398962 -5092974 -594260 2758724 1577456 -1169434 1298098 6101594 -1568684 -164319 -841274 -3271212 -7254174 -2228112 -523502 3415462 -6305487 -834504 2827573 1317261 -709335 3333186 4653603 -77827 -812913 8219442 -2698773 -38438 261101 -4153126 -575447 -2091280 -1602463 -1643261 -1805152 3395332 5461592 -1281050 -2275662 -14193 
3564060 -1073737 468927 -4622922 -3260930 -5806430 -1504905 -5363912 -865764 3311362 4562281 -5608201 -4351758 -1739991 -2077349 -6112640 -1190017 -474263 -2157194 1429006 496929 -5594459 -2732048 1092577 3899758 -3625352 -2064348 -2200502 1765025 -2194628 -6084700 570946 -4099231 -2946136 5565241 4781082 -3070602 -2351795 4290661 -894965 10974946 2445379 -2547806 3899715 928838 1763942 -6431495 -6659747 -1761828 -1411320 2137870 3457370 4197796 1888569 -4269718 -1993430 81738 1139836 6512521 4201988 -5288855 4880451 1883747 -1334867 -3017077 -1644348 -3097993 -1050627 -4933590 3883959 -2835501 236589 -3345069 1360801 3541416 2227217 3882635 -1630705 -228437 4738737 -4530755 2268037 -7841663 -2850054 2192925 -3734737 1100976 -3061858 -116707 -92937 -793545 2383114 -771428 -4459074 -1590649 -3794143 -3533711 -1267925 95402 3015944 
-2560176 2668396 -3738124 -1883154 -1730690 5049250 1509143 3198479 -296180 -738157 -4687484 2023110 7113246 184953 2131905 -906518 3948900 -1625321 6654833 -3933319 -4035526 4571355 -4338296 -2338168 2473582 2897806 -1021747 -3315107 2935846 -198795 -4456587 9136823 -8850518 -1609589 -6176594 -2499617 -2454 499210 -2545268 -497541 3907033 -3894503 7300638 -698094 3938920 945448 1745280 -18233 -4006254 -93996 528830 -3352849 -1021665 4124387 1279656 4371773 -4157972 -2131663 -3256520 -2381402 2555770 3211653 989984 -942248 3128885 -764261 31696 9088849 -2164081 3247637 -2904369 834371 -838484 788345 -3879446 6699309 156309 -2144421 1339505 3004594 -69406 3891757 4334027 4527990 -342241 3649198 -3935062 772287 729103 2058466 -2365381 245702 -4993226 -2773448 683944 2829285 2252998 3204494 -900242 2307561 
-2067192 -5001638 1255161 -1826206 1541556 -749480 3677503 -858893 2170036 -1658696 781759 -5399090 3974496 4606674 -780381 -3294206 5936873 466869 -244903 3437538 4766119 877863 -5965642 1497933 -376240 880243 -880022 5876303 6770935 3802231 2660411 -5442773 3982392 7060627 -661314 198047 4847190 4193546 -149989 -2511784 -879270 4562779 61609 546385 1102006 4449552 2134681 -3736424 -7590763 -3174209 3780542 -500192 -2276416 325799 698118 1298003 2499347 2343542 960542 2787738 1954035 -1776548 1578791 1448456 -4839761 3830578 -4374470 -3319577 402457 3962578 -5197706 1707727 1917955 1792552 1479227 3805638 -4571823 1137460 4388328 2754834 471271 2715309 3162544 -5454213 -151814 5182473 -110853 -6395119 6325460 1029073 3367453 2975329 6754559 1554525 884918 1830304 -3130707 2211262 -2049472 1918789 
-2755082 -1737140 -1327226 4251953 -219853 -4062613 2181 -3520608 -949417 4217218 -215973 4289224 752599 1961242 97358 2449037 -750778 637545 -3715233 2395780 5365719 755302 883974 2787066 1958480 40213 -463155 -921487 -1965123 1984949 2323132 1676636 1878899 5760790 5656526 -139095 3017643 -3201026 -4328150 -2000946 -2207607 -335142 -2505888 -1344494 -3459641 4172554 2696210 -3808630 2539104 -346131 1567480 3764216 1788717 8198308 -4046465 -1172039 -2064570 4466020 3540064 2172781 2447974 241954 -3501159 -6134329 9937124 -2621226 -1081469 616125 -90223 600275 -2305015 472478 -3013064 612406 -1440858 1606573 -1567520 -3541912 -1027903 -633868 -837628 -507708 -2196809 4232688 -1617179 3989222 2251438 -6460838 -2687651 852170 -1445532 70640 -3287867 -1721881 -5469639 1277230 6147883 -1086563 -5169839 -4419582 
739981 5534959 -5583410 -2905001 3022713 352900 -1520623 -1311025 2688972 -911394 3417433 3216970 -774436 4436726 2048773 4985870 -1986576 604388 983972 1274352 1186767 6771402 537348 3826621 1470052 -2964316 621315 4059678 40186 -884186 2790423 2313644 6842426 1214938 -3105590 32687 -3148320 -9610690 -254002 797603 1866436 -1702415 580193 3756193 -5646442 3524677 1334078 -2040738 -2519790 209814 -1159442 1275111 -661736 5780505 -1965309 2524057 2985362 1452895 7370159 -1960053 -642091 -2477045 2306095 -1622552 -2384049 2180743 1930057 -4658826 931787 -4324011 2056392 3200656 -2433591 -1901579 -339612 -2278191 3948626 -1869536 5046622 -2894350 1213398 1577873 -520823 4952214 3198355 2107902 1237691 -7314935 3417000 -1573428 -5174113 -2069931 11072023 3558025 -2691398 1386025 -515191 -1966808 -1476865 -5834086 
3397874 -4671626 1419818 4864900 -3921656 -1358780 1327676 -1723286 -1309313 -5451401 32200 402934 1449766 864899 -4630159 4927860 3782262 2189881 -6954295 5320068 -677604 204017 -5695107 5667783 -4651907 483089 -9191767 -3911699 -1131525 -3093965 864874 -1639629 20407 -1517317 4214702 2189580 -3154821 389958 -5457009 -733684 -348233 6214724 168511 -2331040 -3060400 1494868 -1467734 1671538 4459493 -1918347 1173289 -2107393 -3879467 214996 -1005687 539772 2725572 -2346775 2891595 1609150 1760943 108828 -1609628 4465259 2888870 -2393317 1961482 59202 6616055 -3344689 -984678 -4188713 7000116 -7634846 -753431 -5689988 -4366621 -1566314 119763 1926466 3718157 -5070194 -2082204 -1028990 1638498 4335019 1713157 79581 -566424 303781 1741993 1873035 2650152 1449701 1216095 983325 1187111 879954 -2503352 -629566 
1163951 1172151 4026278 4106089 -2951298 2010573 -1450295 -953317 -1105660 -3292266 4241985 1019339 1018744 -3581337 2567220 7086245 -2703168 -470378 2019169 -1592997 -6208855 55582 6692935 3642144 5854537 -389247 -6618517 3552047 7995159 7759436 2933776 -199438 94145 6037401 -5063295 -7345025 -2969991 109841 1565568 -4430572 -1939241 2623020 -1169583 1755887 -1927842 -2316100 -2383614 -4949084 -3897420 -268641 92610 -4222880 -364580 -1413447 3340746 741916 3854088 3904790 3145715 92963 -3896835 -4137323 -1045302 549665 -110697 -3776848 -3304294 3450537 5322880 -751843 -3967667 -4484315 -1326190 -401206 916425 -7316987 1402403 -4192653 279962 -3409945 137123 -5158524 1607090 460486 893878 -2817408 6408071 -2563376 -3845208 -80940 -3860868 -4698803 2643150 7629284 -6416957 2857420 412880 -586802 298446 -2654186 
3185683 -783290 962796 -2474744 1618921 2723396 3711451 3342510 630749 -2387688 1069988 -2641921 3985639 -23474 164832 3276197 3825643 -2103209 -834661 5334854 -5947205 4737024 2235876 5390731 -876400 -2138294 770757 -1968487 67746 -3691450 -2864368 -1273645 -1032440 -1383362 614401 -4258738 577799 6623327 -1542689 -921954 -4340513 1747182 2467748 -3132148 3412007 1481123 4395701 4442200 3855877 -6117475 -4556360 -565647 10620263 -2680021 3973634 2987231 -2042396 2484602 1043012 1841789 -1013542 -5169279 1764482 4744873 3752062 1773115 -2829465 4438484 -227161 1497540 -8046621 -3768343 -2584994 1540031 -971224 457786 -273646 3291488 896307 -6538592 524821 -614855 923149 -5062293 -2937068 4449625 295807 3105788 343313 390808 2294352 225879 -17616 2976504 -2545096 -1937185 4479887 1921490 4500802 -2239683 
-2955838 -1534240 6185749 -7621908 -1852238 5395770 2632981 2576034 -4530589 -1092079 -3341179 -903062 230502 989708 -3738657 -3862847 2831437 4541179 3306093 2440794 -232077 -6507170 3137310 -1622760 7260376 -3606087 -4279566 -3763371 1968217 3574650 -2329000 2579068 -5042943 1060020 -5353774 -1278915 -687871 5887534 4437350 -2117842 6279769 -2955492 6706166 -1549196 -311356 -3755748 -2669764 -2308850 4895036 -1693459 3889349 -387298 8293 -6665376 -3482874 -1713869 -1486981 -856252 1119326 1490039 231157 -1539130 1703847 -1823257 -1743901 -170093 -2979686 -432454 4305842 2363296 2684187 2137266 6255716 -2695836 2152989 2525760 -6246790 -2484092 3357513 5044592 3142403 259258 -2742785 -5207270 3890531 2284285 56480 985694 -1286171 -3432152 -4257617 9028089 -2762221 1572342 883429 -4632983 -2627618 -4124773 -1687355 6343447 
3728769 4877412 -5243468 -9997128 4230070 -2923324 3830260 2195573 6730148 -1608439 -3030806 -541198 4766957 1325791 1160282 2507167 454734 -1586065 3200486 236939 -1253279 1311965 1945848 -2946202 445185 3953004 -705372 3576817 -5215720 -3287757 -2681811 1488740 -7821643 -3092191 941542 6902166 -6235822 -1921064 -2426321 4579433 3302057 820234 867745 -1096153 370537 3280268 -2484743 -2513498 3474286 -1763673 3126731 -1921242 -5622037 2854966 -2209506 4732755 544098 -4539760 3512103 639248 1743189 3126232 507287 4228886 258462 -2320616 249583 2123316 -2839197 -4725679 1096618 3764132 7216217 -5187421 277460 3161665 5559277 3652675 -753488 -3301068 -3464978 -2987440 -3548634 3360984 7712805 -6105454 4164666 -2179064 -1517232 -302497 -2526473 32492 975304 -3818711 11092431 -925579 -8341401 -3669931 3244826 961415 
-2285893 1197211 2089863 -7997249 -127145 4440734 3153144 3882669 -2517603 5664500 -1332000 -2536938 2973484 -1318239 -5364797 -96160 7223336 -2662981 2422964 -1691758 3354680 -1735439 -5982161 -1842835 238292 4339964 -1226805 -5035173 3803732 1737675 -5454313 -763026 592256 -1379007 -3958314 -2961439 2939067 -2592792 -2069635 1385734 -3544380 -3047636 4116158 -1744676 1778572 424823 149778 -707443 -2455839 2322024 -441293 2686918 -8506220 -1417862 -5159909 235351 1161906 -5421810 -4511555 1535808 4944649 6571701 -7484816 1123024 -2815034 -2436201 -4389691 5198412 1866623 6664612 2886671 1010134 1309073 -348402 -4468993 4100894 1043296 -1812498 575910 5510623 -830108 -463941 -1351763 -3005524 -1255939 -2363341 -1470223 -2317011 6511123 1509175 2974958 5398020 -1054271 -1675324 61083 3784413 -2701669 -2267932 392700 1861117 
-5250146 -374749 2208677 1679229 1508738 -188501 -2470281 1256065 -5042631 -2476209 -3588569 -723359 4979216 -554548 188732 1961574 -10433869 6222509 1920525 2250359 -2082156 547679 5039509 5150157 -7525984 -3899134 -4910050 6614124 -14962519 10854398 -839903 1140250 -3541134 1661627 -1419473 -3583494 -8648334 4971103 -3064012 -3205386 1762846 -3583802 -1700325 3580227 -883227 -250156 -4375915 -2462324 5272207 -3272712 -2686261 3780384 -3348751 -1726494 -5286388 -4120553 348799 -1594363 -852124 -459110 7786472 -1763017 -1245949 2665776 -2144519 -9456040 4527584 2788471 9206224 -2837170 843186 2644600 1288738 -2690562 -4841540 -7050707 -5391588 -5367207 -2908572 -5099806 3089240 -7601037 2906348 -345174 -1667175 851718 7581033 4092213 -1618722 -1010573 5172100 1124830 -4358822 258280 1119102 659113 -2287249 -8379009 -2311633 2556552 
7189316 4747342 -4767661 3940095 -2348216 641161 -2537339 -3745529 7118718 493303 -919074 -1845510 -559858 2103290 -3646263 937131 298516 1936497 -593298 3083051 -3728559 2458155 -317195 2941891 -5518132 -2329647 -286674 686670 -1500197 -3745756 4136405 998961 2782119 -3935884 1563990 -1225227 1240759 -2678311 -2694632 929371 1895040 470865 741284 1724593 411675 793810 4818385 -1202616 112507 -5257634 5688788 1853138 27003 -3603498 4217426 -453417 -1498881 4073735 1955741 -5096177 -1700739 -1343657 7375150 -3547147 -3199969 -1738043 221483 -5920355 -2206449 -2646603 -3523203 -1588668 2201357 -3082376 1407528 -257862 -2003271 -2611596 -3206376 1688432 -4279884 2984534 -1568622 -899991 -2438776 6357204 -1914746 -5890101 2529809 -7303608 -2119571 3350680 -959713 3108393 -3645831 1368161 -5346687 -2304156 -5495245 893482 
-1710120 1198558 -9832 -8681149 6193036 2746761 2180854 4875587 -2526570 5523829 879432 1099166 3485507 5733388 -3181347 -3243073 3398101 -1732773 8874628 3655922 -508860 1261216 7139118 6301502 4236587 -3024334 729326 3178092 -1786444 -1297121 -1703795 723501 4170569 1786140 1339426 -7887358 7708190 -617670 -4330619 353342 907453 -1851662 2791314 -3842844 7682189 2257358 -618758 -5360879 -2180303 -8040343 -2893312 -5575491 4397607 -920824 3661067 1311180 -6266264 -2265127 3779466 2022795 -6142508 -2375967 2359345 2858807 -5213973 -188797 -318079 -2819458 1483536 2056437 679058 -2213617 -4466411 1263491 -7003753 -2752498 157378 -3110318 1829331 885894 2289838 -2716419 -256816 757991 4663070 176916 2235461 -1361440 861898 -4035718 41346 -3403895 -955639 -254704 -562746 1577669 -3618178 -9356478 4332728 749569 
967756 4736994 3401622 -1085473 -1673278 -516845 2649164 2263253 6457922 -115341 2204091 -843366 63746 1882064 -6263368 3753004 -1839337 -2703707 4205454 -4555370 -2612545 -2793514 1572742 631424 2790907 -2779328 1674511 486828 -97627 -4437933 -1415743 -237274 826040 2725919 618698 2747543 4724903 506407 -5545561 4040704 -2555788 215360 -3637175 4710144 2267322 -5170508 -1804995 576149 808742 88119 -2542517 165806 -3961548 -7692770 4137529 -3323943 2278001 -1786616 2718993 1833885 -598589 -1947651 1653915 2175117 4064737 2271375 -2118306 -2477334 -3189631 -4715995 -1227081 1689425 3222372 -5342348 -1092382 3235730 -9054789 1215730 -7565736 2491293 7321695 -3313620 -1979408 -5425856 -1740684 1727388 -424571 3413830 -2618493 3460421 -5641267 1381823 1256240 517230 749631 -1885893 -1287125 -2217707 -1440868 -1482921 
-210096 490658 5962952 1261443 764054 4527821 -370645 301348 1332130 54725 -2953418 -7308938 5565448 5338817 -3271391 -1060079 6503551 1658961 -1083559 6574323 8779934 -274046 -6922132 775891 -2900491 -4211969 3714026 2182912 5885821 -1288011 117486 -3593407 3180546 1228389 2767975 2679675 1283271 1312237 -4583089 327880 1480951 2648918 -5460398 2289153 1954881 -757904 555203 983921 -228493 2874808 1171232 -795945 655015 -1024821 604638 -2714110 741257 5108802 -200171 2343082 -1361597 -5405740 3729251 1379137 -1555291 483521 3141218 -5028004 1516194 -2384214 -4149939 -978292 2067603 -2017045 -1419827 2015001 446694 1305912 1337523 4273172 -2690382 2814537 -1424568 -5644461 1370253 -488215 -3474642 1385440 -222102 2006283 4335871 835308 3076328 2770922 2922334 4031911 -4881134 2894363 59342 6390534 
-4776010 457534 -1638966 3869659 3877487 801251 -3500808 -350454 -2002341 2082336 -4266117 1184157 165156 -519985 3642352 6050976 -4727027 3567144 -2318801 -2754709 264537 728238 2118369 -3518648 -5946254 -1558250 550946 -3809027 83283 1697002 2627707 4696566 -1576897 -3159471 3207389 2620779 -2303430 -4595971 -6553781 2009145 -1275631 -1053866 -111380 2467933 -2990614 -2504116 -494939 1993432 6530021 6225096 -906249 666444 -6068423 1631542 -2175930 -2835990 7616170 -215388 -3427340 -2511030 7917542 196423 46485 -3250880 1412429 2485102 -581604 -5019018 -1935458 -985691 -657835 3026406 2259918 -856082 635341 -1697088 3449919 -2685683 1351732 814817 -4032827 -454698 3295917 813307 -1628704 -2435411 70989 2607206 6080 716828 4082973 -2814149 -3240028 4358575 1514923 3308339 3921768 842098 -6928823 -1310871 
3940303 1358041 -3021228 2913926 -1188037 3153212 714685 -2113112 2473638 5488515 1218967 9940075 76020 355827 4674139 6053822 -2916120 -4273491 84963 -3298661 -622352 7316134 3755966 -4598527 1345557 -4438651 4685567 2137247 1242436 -665332 1514422 6301945 41908 2192517 -4257321 -2925383 -83565 -6927432 579047 5149001 4717919 -1860822 -2821653 2315710 -1963281 -10042870 874070 1877053 543523 3666717 -3564906 -1023530 438568 3601839 138394 -1632220 -1527443 5223563 -1801451 -5330082 -2666960 3116925 182682 -7196106 1847986 74526 1729949 -382207 -4485266 -1070343 3910271 2461027 -4374729 170624 1845279 2994091 -1627605 -3030078 -1718432 1772541 4380154 3549555 2228308 -1232798 -3835800 2060121 1357972 2358857 -6436935 2891345 -6326003 -1438213 -3830307 -38078 4580470 -1189872 -104216 5187042 -143170 1014025 
-3341109 -2027372 241068 -1447582 2607953 -6713328 1390158 1755354 -1103767 2148317 -1965612 -2504390 222169 -3038677 1831732 2059337 -5075663 -3909682 1144464 -653343 3259197 -6406041 4012273 5455660 -4678618 5627647 -3414575 1473316 374153 -3005477 -551029 1817997 3390843 -6400982 3538878 4150795 3284327 4079984 -884162 2110902 -4345026 -2125494 2475583 3852220 4540865 -816788 3923180 1121007 2406106 -32607 -1565516 -751552 -4656215 -1529092 -3832304 6100049 -1777427 156454 -4541609 4336784 4471454 392016 -6364316 1159641 -1618967 -6919484 -1237704 -1139882 -2068730 -1463465 2989899 -2704399 5263235 3912607 -2291365 2651163 -7968772 -2368935 -3363472 -644936 1154399 -249212 -762868 -538164 4483236 -2296462 2853705 4418263 2054514 365943 -1257589 -3780335 -3677167 -190512 6103400 4103909 4730156 1218820 -225702 -3713643 
-6062658 1728751 6534606 -2544723 2128605 -1360773 2897746 -127364 4904145 -1709026 5722412 -1202319 -539298 -7667169 4729365 -3611566 -2572494 -678642 1142368 -1345837 4075119 -6068782 -9578072 4098363 -8264152 -261339 -3982673 -1792995 -4994296 -2778781 -1214896 775028 -9673261 499363 -3489701 899472 -2579289 -56159 -1972653 141270 4925009 4720635 -3815792 2717976 1794035 -3423874 -3669703 -53219 2003526 4015933 -2134490 1940481 -2912145 -234074 -6395734 -6141439 -8299767 1253310 -11411116 2496498 984368 6015770 -4214353 1478221 -1530260 -1166845 3984340 -1807112 -506424 3515082 906107 -2646831 1567187 -1502570 -530361 1251077 295088 -3212865 -6245337 -3257505 1716391 -911310 -921738 3613139 1327491 4102333 -625280 3015272 -3386753 -1035873 96652 1832636 388624 -3539886 2639356 3106779 -3236733 -6760621 733938 1071713 
878305 -3437798 -2918173 -7420013 74603 3544337 8157029 2569867 -1502388 -1216546 2031400 5770013 3317936 -2239143 -1072023 -2740399 -1538242 -2413076 153994 -1885497 -1998231 3154971 -2758783 -2675019 -1993124 4698804 -6241132 -3868265 -8578252 1569458 -2168427 2674641 -1782911 -2369105 -660672 -3194587 1605257 4438697 1251375 3797342 110365 -1797765 -1432707 -5175335 -903308 6629275 5201540 -921963 -3040494 -1380715 7288778 -953539 -3097556 2690360 -4397037 3548090 -2314345 -9204772 -3370322 -9596208 1663098 8757834 -2466279 6025780 2578936 758179 -3761973 6483211 -60480 6272993 -890313 3537577 628680 -3036208 -4018299 1471971 147224 5046577 3552692 1115512 1751014 -2273702 630834 2034261 -1539559 -1075049 1642018 -3079211 2545831 422892 -387530 4323386 926708 -3599070 -39273 -156441 551026 4372839 2246965 -1679571 
-6145650 84491 338511 -2611054 -5529422 -2819489 4129879 -4915270 366815 2051028 5185105 3580947 601551 -888521 -2402619 -1296875 -84195 -5718584 -2188510 -2701385 1660541 936381 -4570178 298061 4830464 -1948454 477982 4144992 -89401 1301589 -6805684 5107174 243200 7893447 -4735189 -1699115 93604 -6240572 6169107 4296404 1994399 -2791957 -2130901 209021 -1824982 -5835090 -2185811 2461142 -4245994 -378602 1170604 1579603 -1614191 4984005 4191422 -6420461 1840923 -259276 -455590 -803786 4465792 5020236 1911016 4208397 -2237541 2404352 -125999 2802429 -3540412 3170932 5526125 7158694 -6569059 848777 -6836448 -811820 -3404479 1236917 4300008 -2010641 3735573 1289067 2068110 4241076 -8546480 -301784 -84590 5082599 4425830 382335 -1933124 -1015965 5088747 -2579149 -2204234 -5201467 -259377 930983 2280087 179447 
-5721488 1724939 854715 643534 -5802728 1505859 -2930963 -2026076 -1339489 -4109133 4951114 1851349 3065500 -1080763 1380201 -2037718 1101256 6639530 -1634076 -24178 -3783714 -626719 -544096 -1076292 2636232 1639530 -3450630 1771422 2733857 5077050 6787767 5157621 207364 -3368603 1735067 4318663 -3714738 3505780 704009 -2534814 -1449158 -1525175 -719112 -1578918 5182654 -1017631 -2917277 -2482592 6856706 1857099 4012415 -3860895 -4300 115017 -1339836 2199195 214784 2632715 -4597662 -2712115 2444136 -1610987 2634279 4826833 -6113268 -6882677 1252395 2770947 -3146988 -182936 2911253 696001 3704716 -5891555 -358963 -7253307 -2472507 303761 2762949 -3151253 3454784 2820706 -270131 -2135876 2097087 1107495 3064271 487097 6587469 2328423 -511042 -6518694 2949889 -3452769 4371068 -723831 -2224441 758780 2991570 806418 
-3060365 -756626 -299485 -489284 1039906 -1904530 660868 1756375 -2173951 3697307 119288 2186724 -3123029 -3565364 68492 1060367 3399410 -2068359 -2524968 -4848230 -5755394 2447059 3086442 -5226116 -6195004 3515801 1554092 -496298 -1477394 253580 1880638 2396517 2538052 488965 -620853 -804294 -3398681 2685253 -433464 2808825 5814443 2987085 4722315 -7426766 -1099632 -5304704 3346287 -2197956 4957096 -2007788 -3114085 1551077 -3116233 154876 4719500 3657070 -4315740 -2600041 -3336331 2567330 -5862578 9317219 2935576 1954032 -1557672 3248171 259676 -695379 491701 2331485 1730313 -441783 3658766 -1862523 6371883 -1740591 1159187 -1277568 -4341981 3243106 1523332 2738270 3406912 -2073570 832356 -1314536 -2827498 2611241 -2355758 618198 4583855 1209039 -562419 -2001663 -4767346 -2529564 -1410181 -2001587 -3158179 4068483 
803324 681708 -1522443 949897 3175788 3701696 1736182 3901281 -1455159 -2488362 -8495068 -1162247 1575496 1778890 1466233 -1251176 7241223 3412202 3159807 3404059 151012 574338 -2082914 1963144 -928420 5007948 -432915 1124394 -1329695 5624875 5509936 -1917634 2168868 2033992 1195076 -5352951 -1587131 3135128 -2673574 -5938752 -4276995 3943765 -805217 5533810 -647768 -16986 -2959202 4095253 -521919 6645945 2076665 1520853 -1122940 -3141200 -7685785 -1050032 2787526 -1980469 -7156393 -3053252 -2471354 1833988 -3094389 -7732019 -1547927 312793 5597394 -1824434 6135860 -1461735 2933013 -7480754 -356303 7954543 -2904727 -1026033 904054 1398995 -2672335 -2928135 -2284262 -2934222 -826178 4641552 2038018 569852 2477553 1618823 -931012 5121892 2707019 1872816 -4954438 -5778033 120220 -1377907 -1202458 -3497758 973240 1493629 
3989469 -608381 -3747703 1406630 -78920 -3077393 1013403 -4334186 1701481 1943544 -433669 -3222970 419985 6352165 -1177994 582775 1436700 -26177 -3396756 -1355495 -3654417 -3159786 6472756 4818913 3249772 -4327266 -3461249 43113 -748683 -2291341 3810334 3436150 3190246 2497601 4682440 -2298032 -2392200 -1417452 -454830 202758 1211359 846688 4514876 5579733 6657286 -172370 -2233757 -522495 3078087 -4466985 -2258896 -3400546 2767489 -2154052 26803 5380971 478702 7931591 5952761 1428209 -4783305 -4318654 -130010 1098727 -1259227 1646182 -2540094 -4904257 989803 -292697 -2115481 -3031911 -2893516 -2024147 -738080 1978983 -4248250 -142122 2626770 1204264 6550238 -4453171 4505747 -1054459 -1879706 4814155 -5519555 -1829787 1625591 1828070 -4571650 357246 4568563 3533437 2768345 76050 -3582097 -1043007 -2659912 2134687 
2987573 1977092 4111590 7767261 -775172 259368 -2385298 2794105 1777655 -4032474 -2807638 2485834 -2470300 -2502093 1727996 1885542 -6108853 -984902 -934994 -2614069 994692 -2484813 2241657 -4379586 -3542345 3115429 1203293 -711473 -7685513 -1218034 4141578 -30785 -6811101 731248 -1453536 6921901 -3887095 6205286 -4809847 -2969347 -1637944 2345317 -2480115 -679598 -4289085 1268186 -3377491 984935 820431 37821 1248637 1463129 -1684310 2153574 4470330 -3870332 4061368 -9479550 -775480 -5765108 -584429 -502927 -417092 -1882762 378576 -3817166 1712681 -2510605 1702353 -2024775 5083320 331195 7218939 -1378793 2532044 -5956101 2270566 -163038 -4136003 -1362276 -898237 1169954 -112229 -2384559 506401 2814260 -1956203 6917593 -3601909 3351969 214980 2286151 1776967 -2904941 -4206964 -1919704 3919957 3384050 -1884240 -1322207 
1917485 2995205 6304142 -1054652 187572 2001397 -4103355 753412 1809204 11768 -4332884 -2199218 968162 -3384215 1500879 1994819 1524023 1025816 3115392 -1982466 -422860 -3477194 -2520514 -3601742 6884593 5195687 2009769 4667810 1451017 1785562 408981 -555145 84023 5189841 -7490639 -1115488 687830 1568676 3164670 5832665 -8466 3146033 138742 1499284 -3321350 -1126368 -1008819 -2975980 -10193025 -3607682 2994208 127789 3734142 -1846573 -1733326 -533507 835137 -4936338 400227 -2650826 -28124 2151283 -1625018 1297803 -2648718 -2477171 -3384272 4329210 -1879164 713237 -1006820 1509933 22708 1981964 -2561192 3795016 6625004 429294 1063550 88337 -3428707 5440913 -5561532 -1903669 -1235611 -2225449 1585073 -7340245 -663072 6995708 1985642 4546786 3669818 -1236197 -3951683 -1777939 -3277470 -313966 974052 -2990535 
161649 481124 2449558 1493743 -1292907 1751651 1865239 -2988526 1872854 42771 5595762 3761651 2287022 654614 633985 4967069 5766676 -5363834 -6270709 336185 4959568 4034152 -1671127 -3860214 4268468 3512966 2759780 1641515 13563461 2243712 1155709 -3709058 -2277615 -4146863 -1493227 -2101083 1997043 7155580 1882458 -1317012 -2013200 4276148 -4631860 593191 5328374 -4051490 4806534 -4332675 -415134 -1022336 -923252 -3986743 -3228340 -537575 1329864 -3876616 5948576 1952006 -3965001 5655517 -1960586 -4105132 -2329092 3407731 -647586 -8062908 1945669 3826240 -4943362 968826 -4841588 -1225755 4535669 -1594299 -3425761 2766288 -1728409 931005 619852 -5488446 4240800 4303807 -351618 -3068847 2382505 -3797937 -9292316 -2453763 -4548543 -4748289 5368547 -2467026 2718245 1109529 -137486 -3656562 -1881395 2069063 2957942 -3491699 
3406686 -340170 -11664622 7802712 -237449 -4745376 -2728086 4136390 4752338 260455 -3745622 3690937 935203 8192148 -3053037 -5137567 2270359 -249267 1585540 -305736 -2812103 -1434344 -1228313 -827934 -510796 943837 -2155083 656694 -1826120 669075 -5709066 -3340005 -4095258 -2470836 3702034 165925 -1565662 -159774 -3370868 -1826336 -533619 -6644978 162759 5338712 -2344687 3860714 -1989511 -1457288 -1487859 3014042 6475384 3089985 -6241406 2774041 -5165285 4261969 869225 -4950712 4842920 -174584 4060394 4156945 -5082429 -4149361 5959360 -1373100 1233855 536164 -2347302 -1265279 1172915 1770972 1160969 -1687400 -5756444 1604914 -469263 417703 -4459628 922004 -1270019 122314 -2174130 42953 -6102839 -5284180 -2781618 -1790810 1054428 -527050 1919692 -1680092 -9888292 -3520243 3187549 1816446 577520 2272666 -2536828 -1335021 
5053026 -3266701 -2742262 -1863056 1263452 303591 -1391953 1756349 676796 -5216051 -990035 -2332308 -2715235 4506853 379983 -1936459 -152414 3279392 -4052149 2855710 -3313316 432963 2514113 767903 10837144 -5491834 444423 -2132955 116 2709134 -3877284 2700973 1978744 -4268626 6948667 1877831 -2959575 -485654 2547332 -888810 4246530 1150371 5038615 -1399243 5636549 3150491 757808 -1640202 3792151 1355887 3197452 -3389107 1226456 -1894979 5190949 2010541 -2934134 3664211 6829580 -1951037 -4613492 -5086406 2634612 2111545 -4767915 478925 -1139573 -1315343 777045 -1359539 -7362023 -3038192 -947408 3911836 71950 2729 4549028 3812273 4446943 1757620 -3364011 -2328537 -3082935 -536755 2257382 -599563 -922690 -2010372 -1821663 -3056015 -1057778 -221672 2523795 -3042746 7115605 -946744 -4860879 -4431859 2615731 5148395 
2034617 -6248713 -3331231 991743 -3258189 2236848 -1879513 -1527580 3354699 624018 -4524688 -1394246 -542442 2067179 610686 -2065534 -1488932 4188286 -1579322 3107288 -1907270 -696232 -10029366 1884306 1354622 -560833 -3353032 -2561697 -1040398 -5243803 -2834767 10094391 -5251014 -435426 5299267 2417771 -3316513 -4029428 -21802 2110552 6634515 -2634680 720956 11634870 -2119083 -2277376 -8608343 771580 5107284 2109883 8657733 -2473970 -318361 -230686 -376912 -3165757 80332 -3616105 2869638 -774051 -1875182 -486692 5490516 -7859088 54102 5795534 2385911 -5450319 -2185972 340392 3319473 -6337809 -4522326 6947374 -2081919 -3320987 3417482 1224924 -155356 -6325305 2138009 2832121 708913 955857 -2261659 553423 -3923337 -3055727 -1836357 -1559475 3469450 -664850 -4141363 -3646743 3529898 -737987 -3523622 1331277 3195766 1351056 
-1029027 971015 2012618 2292190 -3523839 -1013178 237475 858364 2682262 156303 -155301 3083744 1915284 -5194141 2437454 126531 3583298 3048201 -700458 -1991005 3128003 -6226657 2387132 1368621 -4458532 3054740 996174 -2527339 4586818 -911381 843298 -5332813 -834624 -5793103 585520 4292939 2412633 4991439 -362481 479187 -2978670 -2671715 -3865406 1251286 2534641 -2470223 2242339 -1473907 1454176 3407313 1264716 3538538 5301111 -6593261 2452598 2718755 -2596963 -3028268 -1494940 1478602 -3538522 -673435 1947064 8044355 3774766 638579 1997882 2949579 -1293077 -515551 -2211352 -7057958 773280 41974 3552730 -4717747 7974333 -429621 -4164775 -7537695 -10044760 -190974 -4432824 -216139 592087 -4923898 -344449 1974431 -1008797 -6629766 -2053514 -5959743 910507 5960131 390325 -526217 -842329 -4460033 4805644 6350547 
-6718863 -3338800 -936889 2994823 4098519 -6597092 -1056524 4161678 -5384631 -2091518 1039152 -4764292 1895341 -3497814 1632482 603685 -4384434 2595933 1353794 1797474 4724186 -3163461 2675228 346615 -504066 -63033 3127647 391031 -8115021 6563329 -1262375 1682232 2235102 1642666 -2829564 12279 104353 649573 -611385 1008017 -3125462 -1366593 -1639817 -3963163 -3970489 -8132857 -775418 1114572 -2594591 3251875 -4291461 -321811 -645161 867112 1544764 -166599 1513628 3343108 2103415 2740470 5011707 -6218266 -3507786 -5198026 4831307 -3619765 -3125106 5783464 -1144428 -919667 -2038418 -3387803 1124407 3171476 -962956 -647837 -1805591 2444384 -2159546 2885963 -3317834 -4746626 -2419551 1579160 -313047 3284775 8576922 7076113 2621832 -1922957 -3278424 -1587140 -3701073 1048445 -3187512 1899356 -9656 -2958596 824852 4961131 
3243033 2946603 -5206424 618071 1338367 -739610 -1120796 445273 1289320 3299860 1981548 3526896 1741254 2761140 1371238 1861173 -3066860 -3353552 2486960 -1219183 -6236188 1173021 549026 -1138738 2562022 -2864818 186372 5799165 -4445424 -2064339 -3581870 1131822 -7502817 -2434436 3651827 2319496 -6031752 3531043 1510496 2400007 5544625 558365 -7807546 4374249 -183066 2254243 -2080041 3699373 3038805 4884084 -1659823 -5140972 -4549322 1305961 -532653 -1392265 3142219 -3975636 -666927 875925 4315483 205955 2868558 -8208755 3647992 -1416907 4725808 -5144231 -4421961 -2574556 -2663901 4994893 1312792 -3429551 -2333138 1564101 -1201517 3415747 -3048128 -1364900 2350256 2029626 -4187048 -816185 373152 3056100 -1114358 3312179 -702378 -3103140 -3515757 865242 -3516164 -5700839 5081671 1440530 -29643 2331554 3003917 -1101039 
-1422942 1902968 4279880 2680198 -2756705 -1963196 -2026021 3870668 -425387 -3606480 -1928423 2944526 -3996127 -2246042 129444 2770662 5034731 2474517 856601 2408605 -1780052 -9345562 4588647 1749480 278724 1904475 2780410 3528345 5298487 2158506 1227805 -7057896 1176233 3984133 -3632852 147033 2368293 833320 4185624 -919912 -1970777 -404026 1280702 3999754 -3870815 -5796958 -6398466 -1223818 -366404 3731867 4348307 -919556 1014297 -6956154 -902007 -6549202 5163278 2434399 1306495 -357978 -1005669 -7377902 1426238 -1135686 5467380 -539965 2639619 -64983 7135587 4337382 111982 -2237303 -1274789 -1644757 4178555 -4810591 -2064789 -923809 -4985828 -8955702 -1490202 1192275 73799 -4449422 -4187870 -7660468 5882741 4965579 3711308 -4302797 -7761533 -1262812 5255458 5953476 -5033187 324136 404809 -5325887 3174968 6087200 
-7324806 -4929876 -7016806 -3379155 -671431 -2332048 5037099 -3424380 -670693 -2121297 726259 2882841 1648414 1958463 -1099921 -1555215 1548005 -1977935 -4596053 -1634579 3635610 -2251871 4145413 1326130 -6225167 -1963237 1516230 -1736752 -2816465 4475019 865771 -2267959 6279487 -4941569 4576349 840738 4887135 737691 1178018 6166000 -138884 -2427823 2267807 4160581 814504 -2337137 6510596 -4617336 -3093956 -1028786 2220390 6473901 -3663850 -1677704 -2345637 1661897 -3635632 -113753 -4865567 -1049045 -1175954 3748280 -3813523 -22427 -8028744 -652118 -2025062 -3105132 -3849181 4822702 7128403 60971 4638526 4380404 952503 7502399 -9245868 -3519456 1355272 -286292 -1056083 3893644 888532 2225461 5134462 -1977654 -1921635 3314541 333128 -3913496 -2204708 2712185 3724357 -3379612 1447842 3922164 -2477591 -1514777 -3510334 4465748 
3986186 -18045 -4277701 -4848460 5636627 -3002604 1328138 5344657 3129579 -586465 -2581400 1017100 -6205747 422327 1567321 -2611583 6488923 -315675 -1672143 378650 8937209 -4055026 -2140882 3326494 4831845 -1265555 514790 -6057808 206951 1897430 2196984 2470374 4027771 -912088 -4127890 -5831375 5001238 -2377271 1219617 -1823438 -1225913 -661104 4363272 2824855 -972030 -1229606 -4264268 2473554 -1400054 4914261 2454720 -2290042 2654045 2139428 -4573116 899482 1782366 4117282 3248298 -6084797 1599738 -2112830 -4846635 545701 4521864 -302722 694504 -2048691 1813652 6591577 -222801 -3796597 -4832922 2169805 -2784261 2367153 2221116 5904309 -327692 -409624 2839445 3598356 5388508 1572750 918214 -1883130 1231356 -1636064 -1624520 -725041 -5408151 -781039 2642447 -594428 780944 -6952043 -3591775 6836687 749309 -2518298 
2164625 -4089906 -5339786 5321870 6301054 1543472 3760586 4015683 -967747 3442686 -6637682 3134705 25981 1582905 -2452299 -1639170 -1562562 65865 4787015 -5085339 209825 4873737 6155682 634656 -301880 3713779 4765770 4308520 8685256 -474019 7006903 -1182157 -2208738 1141771 5201472 -6441372 -363064 2201229 -2752604 3178857 -5263395 3215173 3127198 -1072636 -6792110 -2040653 5716481 3152486 1999012 2367135 2151326 -4644956 -3845112 -1831765 -1921173 492479 446045 -1122709 -2647351 -1973179 391585 -124599 -1071255 -3833106 185066 4185756 -447161 -6030526 3215499 -1154136 -1020761 1056445 -1878935 425401 -2847913 2566892 -3970088 -5754220 3627310 -3646671 1654465 234653 7603458 3358293 2494222 -464457 -1948126 521431 -1955030 1074962 -149739 -4497535 2172419 1340346 -2384447 1292247 154630 -3465457 1462857 -1787916 
-4857158 -5626676 -949617 -601517 -3751593 2628681 6416764 -2836795 -28054 -59763 846668 3521922 977775 3240960 -180138 618505 125849 -77178 -1248249 -902773 3531545 715048 4263630 -3601057 -1107726 -1216570 8077409 -2266000 -652920 -3347531 4543631 113780 3509696 1758405 1481346 3995004 5287633 -1407918 -1791689 2726780 -1070044 891384 204782 -266020 -2018188 -3614567 -6594771 -3349004 -1630902 7413440 1557261 1345603 -4962231 3168016 168069 -8326726 5243733 -470605 4567914 -124044 -83057 2137294 3021691 2905165 -2445531 -1821047 3645617 -2733867 -1618976 601745 8099231 -1198861 145879 1111202 -3401109 -5900764 -4624299 -3874681 5085107 -2582844 2314075 -151964 213164 17207 3122109 -1338082 5518887 271135 2124902 -3943737 -1470495 -3781731 797364 -3192250 319652 -3430604 -1548806 -2271344 -636122 2892157 
1477708 5751097 -1227114 -5262005 1288590 -1985870 72644 8056899 1412087 -2829608 -4575659 2788125 -983312 2488528 7586941 1020906 -3988318 -2557395 3861912 -1535247 -1766238 -6045596 -716587 -548894 1898549 2881994 -1221064 -1487993 -1541176 6350326 2834825 421985 2813111 -1299144 -471478 -1239832 -2915227 763019 -1541351 -6244396 1739458 -1675574 76828 1112485 -1600328 -3907641 -210831 -416094 -604798 1162430 -4022290 -1382803 2098464 -1571033 -3368998 8318455 3219035 -876899 -3781671 3092401 -1574435 -807471 -3837558 -2561127 -3497544 5646065 -872391 342355 3901268 263528 7966144 -4907939 517057 1954852 4257343 1693026 1559955 -3005715 531598 588619 2232484 -4236454 977584 2483020 1888520 -1860504 3691371 -2331869 -362788 2764406 -3310164 2498607 -967780 5102061 1124434 -297190 2055194 1662305 928315 -8211935 
-1021238 1331426 -4496273 -2591478 732879 7023732 1775092 4147686 -470998 1467482 -3426752 -508087 2916835 5987339 -1374120 -462845 -2436336 -991327 -4012123 -3474030 -1471426 1645948 4340058 -1602391 1097793 1220016 -1180113 136654 -6901379 1465424 1324133 2044799 -3618756 5537418 -2743665 953758 2402945 4259267 -2120331 -2467803 -963741 -199224 -123612 -2463560 -552846 3626410 -432792 -56302 805003 3335225 -120942 372155 -3204511 1556427 -634112 566864 2655655 -1578557 -10639 -71806 3879609 3812638 -3311877 53470 788935 3331728 -5647413 -498284 -730083 1024950 -2432291 4293108 1473703 451968 -5820436 5741012 3097438 -7267819 561763 2614252 -4489905 -4424436 -1750031 3730168 1404347 1003750 1783768 -1915075 4670240 6959270 -630665 6315521 -2597169 -2375187 1053443 2461503 1211379 -23735 -2100462 -1606236 
-1235821 -173254 1535454 2790411 891075 1661148 2935433 4739326 870430 -3990225 -1585784 1290186 1692467 -1130412 -2225780 4195083 3321385 -1077739 4797513 -2739900 -2574220 813255 4345795 -4806867 3659263 -202771 -848606 864383 3141646 3068375 -269613 -1754205 -884680 -3040679 -1496990 2360768 -1969964 6846761 -1739372 -2468049 -150695 4798678 1954504 -1313644 4803561 1862656 252005 2839630 -265913 -940334 121359 1839117 2825146 -1261695 -1826664 3990420 2863204 1155426 3268933 -1267123 1346448 -5521391 -1400757 -2218845 -3921141 -3405254 321774 5099187 3295952 2065409 -6079948 -10062389 -617775 -3649509 -311676 -340632 4133007 1049512 -738818 -32887 -2442159 3778497 346392 -1617577 -2941972 2574469 2596276 78683 3618210 199046 -921475 -424972 -2628863 723081 -423557 -768679 -114003 -139903 1374447 1329811 
-686549 1987953 4680829 -5304188 2609156 1365873 2374478 -366758 3362847 -1882439 -651938 225466 2795016 4756146 3689421 4936236 -5052691 -2232409 1924884 1163136 -1458365 3946606 6015638 -733782 -2120296 -687260 330868 -1092404 -833104 -2054997 213866 3064167 -2224728 -5163829 32519 -2399512 -2819594 -78613 -1307032 1679366 -4450511 5099375 -2720868 -2116432 -4728870 5184030 -194150 -490458 -968233 -3850323 -5796068 -239518 773488 2815950 -1686922 757193 1960652 -2048170 1774115 -8930085 3807502 -301092 2384603 608549 841900 632801 8326814 383186 3328038 -3312836 610363 -2859480 -1549829 -79001 2317494 -958199 -1883825 -1015762 6994909 3756691 1132445 1320500 5326825 325537 3801013 2548043 -274437 1423335 -1941525 -1457102 -3086121 -3424202 78250 -2387406 2235205 -462624 4952833 237047 -1821012 -4252071 
2484885 1149091 481995 -2677062 4760807 942347 -3538544 8690124 -1813485 5509944 -2056048 242233 -1038580 6899664 -3865655 -6860362 1693714 -689491 1373640 3400324 958101 -2893419 532016 -3102969 5569238 -2956673 2038316 -1609856 3053483 1379941 -3043763 1628770 -1635741 3543442 -4247951 -1599296 -2780874 1793119 -2985934 -2843732 3758491 -10668326 5739215 -2046038 -3314863 1923996 -406153 975399 4305053 -4875652 -2923952 -2756940 1526775 5259469 -2810599 -1732472 835122 -3110800 5133976 1734270 -120409 -738011 3266497 -4683390 4725080 1390356 2127244 3717386 4493322 3286307 -4404514 5084306 -2515271 1614338 -2322582 1628301 4557367 -737621 648133 3435770 2588064 3060110 -643266 -1817367 -2253366 -1907207 -4820186 -4804619 2976858 6467789 3988819 -318243 -4633609 1265715 2082667 1176213 1706733 2434107 -5496327 -5553419 
2483001 -6586366 1169883 -3405262 1889639 -10007558 3448678 -2766265 -4394995 -126209 3627524 3131130 -202683 681016 1348534 774522 1680980 2106960 1718746 3288744 400594 1172604 1009742 5812762 1939565 -1390239 875266 -112477 3637809 -734109 -3956858 -1972280 5311094 500658 1274612 4668692 3263161 62827 -1711306 -812463 -3584061 -845852 -325150 573082 5560669 3403844 3052020 341183 125810 -237870 2493306 -1240184 -4318380 1445662 3059045 5378671 3718821 702763 617737 5709447 -865864 -4584717 -864520 5566669 5737581 -3696547 3051702 -898278 2411656 2928884 -484418 543903 1708564 -538623 3392967 2968467 -2281415 3304844 1058485 -785955 8551426 1540832 3659239 -4675370 1932528 194704 4234884 -2582843 562396 -5192646 239639 -537089 2013454 1681783 4560463 4244692 -523535 1166008 7234395 -603608 
-2225814 -1667946 -2765747 1872951 2720183 3924270 91874 4704648 -3577848 394375 -8258858 -6300196 -5108482 -992941 -2749205 1227841 193759 1718292 3146252 600749 -304479 -6148527 3178722 -3610670 2130619 1494477 -8707998 -4453942 921354 1413476 1750324 -912756 -3111879 -428010 -4183975 -1485082 -3648909 521287 -3873772 -5552578 -1155497 1443009 3360096 -224994 -3582528 -1806073 -1276124 -2784098 4715295 -1770268 2841325 5609922 2363210 -4000036 -8723280 -5336749 1709476 -1428949 -948047 2306355 -2158112 1813989 -2754918 -2660801 -82253 4915569 -2863688 575945 795198 -1834232 3867825 -3436723 291676 3234371 4513237 -1580347 2575297 -1408232 -1701361 1894226 766842 -2713154 -4115049 4817828 -111265 -5687384 1549997 -2206954 -3585574 6477891 2859597 3755456 -4529441 5972116 -5219042 -5150617 8564537 732450 -1074337 -6895540 
1002071 3927156 2061391 755853 -1626146 3042348 -1419944 1342194 5748856 4729583 531635 1745111 -4890534 -3238363 4618522 2470356 5900133 -4022183 -1086087 -2055847 3371192 -2438995 -1502295 -5941529 445314 4635959 4139524 54537 5358307 2303511 2488754 -3964237 -2928249 155064 1861286 -121884 1173925 1208688 -1038604 5116585 3762693 -3746755 -4549889 -938476 -942321 -3168217 -350302 495842 134602 2540224 -2945553 1510708 2866531 -991651 1292896 -2651315 6279076 487877 -5522240 3811726 -1113604 2834674 -4711844 2240869 1325973 -193592 666630 2266132 -768687 869991 3889263 -379672 2693115 1376956 -1526838 266631 823719 508477 -1446191 -4902294 -6476 1209604 -4066334 -5198098 769476 1308894 -1076479 1702807 -6481978 -4223216 3979039 2473714 474845 -1920161 -660669 -5352801 2793990 1748305 4956728 -4676063 
-1252650 373834 -1945089 4764581 1807238 1067593 291483 812802 515442 -378054 -4396035 -3324694 -375906 1983038 -7594729 -76065 -1353236 -1478498 -1252541 772497 4498839 4055314 513349 -5912086 -1762131 1554103 5084898 1066184 3331579 1212551 3969499 -1182056 -1695422 4715166 -4026348 -1666092 -163251 -791618 -3145472 -883744 1023934 -552690 694047 -2048124 -4720285 -5647069 2250049 2649790 2638562 6130458 1578735 1988162 3473554 -1179763 -1751740 -4859461 1725892 5958458 279378 7164696 3059702 -3819717 -678241 -6257523 6224999 2002781 -4421521 778893 -4898541 -3123692 -2694026 3754311 -1506220 1762331 -1815391 6993411 -1375616 1914165 -4156913 4143633 -6090716 248304 -1528769 -3863853 1562703 3280008 388833 -1981799 -2005823 -2642683 -6073020 4324062 -2688413 1554332 -5854425 -2075758 6819338 -294411 -2266823 2358585 
-340038 4986064 -3085296 554398 4547264 -2069368 -3907984 3660749 2892907 3615424 -1230408 -1211378 2080277 3891505 2376758 -1758929 725582 1663009 3462247 -1643226 1260305 -4149318 2797478 -1622439 3901542 -1795352 526459 -145300 -1555582 381778 2930112 2603328 -2314698 -4277974 -3036251 1394889 -1035662 1180664 -5539829 -4312685 -1377987 -6758327 1115281 180949 -1546116 3997216 -868118 2256959 3932634 4809123 -784037 879492 560965 1743261 -2781544 12093913 4676679 2851715 3683883 2259044 5143203 -3512362 -1482140 2671275 3151714 -3423166 -3572801 -3373042 1064248 -790423 -914005 5918568 2401805 -6639659 -3756638 2405004 4443930 -1240700 1284886 4418983 -3636431 -41821 -817486 78755 3463858 -2275071 -1830027 473836 2737254 1996182 -5566136 1921704 -612420 6852870 3079130 6441357 -1797092 6441262 -1871521 -5002841 
3830905 -3403780 1761503 4579688 4795222 -2284419 -961457 7567580 2318030 1788631 -2175476 -6574235 -3167129 161228 -2417447 -604537 -2115551 -1355306 -3419158 -481378 -1361955 2280990 336189 1485797 -267011 6782546 2146086 -3093019 -3744189 -5408572 3412971 5727917 5309300 -7189217 -1399336 -686752 -2119450 1166638 -527737 -1218045 -1779096 407609 3755899 2874450 472286 2483831 5216395 2504256 1975837 -67224 -388640 -5064802 1308045 3998584 3273436 306272 1231953 1968499 -1382176 -2547427 2093696 1377856 1696797 -4282905 68644 913558 1813326 -4444553 298336 1040702 -1829792 1897176 5908281 -482612 2433434 4745802 -1166430 1536928 -5110013 -334436 -793908 -728672 5272515 2175141 33369 653533 -134238 -5666159 -159365 3702499 5024611 4197601 -6708087 815800 -3079544 5650302 -125409 -475106 -3912653 2254910 
